0	0.446405
10	0.353031
19	0.457179
27	0.260854
36	0.111217
45	0.193817
55	0.081289
63	-0.087502
72	0.048967
81	0.157904
90	-0.189256
99	-0.398748
108	0.001083
117	-0.070743
126	-0.486137
136	-0.342485
145	-0.156934
153	-0.451421
162	-0.632183
171	-0.441844
181	-0.469377
190	-0.659716
199	-0.615424
207	-0.644154
216	-0.599861
226	-0.709994
235	-0.829705
244	-0.626197
252	-0.793791
261	-0.841676
271	-0.736331
280	-0.839281
289	-0.879983
298	-0.735134
308	-0.778229
316	-0.887165
325	-0.681264
334	-0.743513
343	-0.766258
353	-0.651337
362	-0.573525
370	-0.601058
379	-0.507684
388	-0.385580
398	-0.480151
407	-0.274250
415	-0.213198
424	-0.293403
434	0.005872
443	-0.020464
452	-0.076728
461	-0.049195
469	0.149524
479	0.086078
488	0.189028
497	0.142341
506	0.153115
514	0.447602
524	0.348243
533	0.287191
542	0.667869
551	0.483515
559	0.534990
569	0.793564
578	0.616393
587	0.822295
596	1.043758
606	0.798353
614	1.016225
623	1.129950
632	0.853419
641	1.034181
651	1.090445
660	0.909683
668	1.032984
677	0.885741
686	0.775608
696	0.794761
705	0.689416
713	0.543370
722	0.704979
731	0.405704
741	0.251278
750	0.465559
759	0.108823
767	0.133962
777	0.205788
786	-0.013282
795	-0.079122
804	0.129173
812	0.063333
822	-0.207212
831	-0.217986
840	0.009463
849	-0.206015
858	-0.470574
867	-0.316148
876	-0.160525
885	-0.512473
894	-0.573525
904	-0.336499
913	-0.589087
921	-0.694432
930	-0.563948
939	-0.705206
949	-0.698023
958	-0.695629
966	-0.700418
975	-0.701615
984	-0.885968
994	-0.754287
1003	-0.732739
1012	-0.927867
1021	-0.896742
1029	-0.585496
1039	-0.818931
1048	-0.954203
1057	-0.592679
1066	-0.763864
1076	-0.835690
1085	-0.627395
1094	-0.650139
1102	-0.559160
1111	-0.370018
1121	-0.419099
1130	-0.411916
1139	-0.202424
1148	-0.302980
1157	-0.232351
1167	-0.046801
1175	-0.081517
1184	-0.076728
1193	0.025025
1203	0.125582
1212	0.193817
1221	0.062136
1230	0.102837
1239	0.321906
1248	0.414083
1257	0.239307
1266	0.459573
1275	0.618788
1284	0.405704
1294	0.660686
1303	0.801944
1311	0.665474
1320	0.845040
1330	0.854616
1339	0.906092
1348	1.145512
1357	0.874967
1366	0.969538
1376	1.159877
1384	0.898909
1393	0.964750
1402	1.013831
1411	0.792367
1421	0.786382
1430	0.821098
1439	0.531399
1448	0.616393
1456	0.446405
1466	0.271628
1475	0.526611
1484	0.313527
1493	0.084880
1503	0.175860
1512	0.096851
1520	-0.127006
1529	0.051362
1538	0.069318
1548	-0.038421
1557	-0.274250
1566	-0.223971
1575	0.002281
1584	-0.411916
1593	-0.510079
1602	-0.081517
1611	-0.402340
1620	-0.622606
1630	-0.353258
1639	-0.513670
1648	-0.687250
1657	-0.586693
1666	-0.598664
1675	-0.653731
1684	-0.653731
1693	-0.862026
1702	-0.718374
1711	-0.689644
1721	-0.918290
1730	-0.687250
1739	-0.814142
1747	-0.975751
1757	-0.665702
1766	-0.844070
1775	-0.932655
1784	-0.581905
1793	-0.666899
1803	-0.876391
1812	-0.548386
1820	-0.573525
1829	-0.662110
1838	-0.348470
1848	-0.489728
1857	-0.414311
1866	-0.197635
1875	-0.282629
1885	-0.161722
1894	-0.024056
1902	-0.056377
1911	-0.097079
1920	0.053756
1930	0.025025
1939	0.064530
1948	0.269234
1957	0.026223
1965	0.226138
1975	0.390141
1984	0.230927
1993	0.307541
2002	0.600831
2011	0.529005
2021	0.563721
2029	0.715753
2038	0.731315
2047	0.854616
2057	0.892924
2066	0.897712
2075	1.092839
2084	0.999466
2093	0.974326
2102	1.138329
2111	0.933625
2120	0.809127
2129	0.965947
2138	0.878558
2148	0.725329
2157	0.766031
2166	0.702584
2174	0.536188
2184	0.524217
2193	0.357820
2202	0.321906
2211	0.330286
2220	0.187831
2230	0.119596
2238	0.162692
2247	-0.088699
2256	-0.092290
2265	0.154312
2275	0.011857
2284	-0.391566
2293	-0.228760
2302	0.141144
2311	-0.347273
2320	-0.597467
2329	-0.173693
2338	-0.173693
2347	-0.742316
2357	-0.494516
2366	-0.317345
2375	-0.719571
2384	-0.592679
2392	-0.517261
2402	-0.653731
2411	-0.711192
2420	-0.779426
2429	-0.645351
2439	-0.751893
2448	-0.926670
2457	-0.639366
2466	-0.809354
2474	-0.909910
2484	-0.619015
2493	-0.681264
2502	-0.988919
2511	-0.640563
2520	-0.545991
2530	-1.002087
2539	-0.560357
2547	-0.468180
2556	-0.757878
2565	-0.550780
2575	-0.280235
2584	-0.373609
2593	-0.378398
2602	-0.238337
2612	-0.107853
2620	0.054953
2629	-0.189256
2638	-0.032435
2647	0.069318
2657	-0.103064
2666	0.057347
2675	0.266840
2683	0.076501
2692	0.053756
2702	0.461967
2711	0.543370
2720	0.234518
2729	0.469150
2739	0.612802
2748	0.499077
2756	0.635547
2765	0.678642
2774	0.944399
2784	0.926442
2793	0.749271
2802	1.059321
2811	1.094037
2819	0.727724
2829	1.035379
2838	1.085657
2847	0.853419
2856	0.988692
2866	0.927640
2875	0.733709
2884	0.792367
2892	0.658292
2901	0.608014
2911	0.584072
2920	0.384156
2929	0.288388
2938	0.374579
2947	0.166283
2957	0.089669
2965	0.135159
2974	0.010660
2983	-0.070743
2992	-0.021661
3002	0.050165
3011	-0.206015
3020	-0.341287
3029	0.019040
3038	-0.137780
3047	-0.603453
3056	-0.271855
3065	-0.071940
3074	-0.571131
3084	-0.547189
3093	-0.302980
3102	-0.595073
3110	-0.704009
3119	-0.561554
3129	-0.657322
3138	-0.646548
3147	-0.760273
3156	-0.760273
3166	-0.536415
3175	-0.840478
3183	-0.901531
3192	-0.554371
3201	-0.935049
3211	-0.888362
3220	-0.548386
3229	-0.805762
3238	-0.747105
3247	-0.529232
3256	-0.881180
3265	-0.700418
3274	-0.404734
3283	-0.804565
3293	-0.650139
3302	-0.209606
3311	-0.487334
3320	-0.326922
3328	-0.128203
3338	-0.256293
3347	-0.192847
3356	-0.034830
3365	-0.045604
3374	0.013054
3384	0.078895
3393	0.002281
3401	0.272825
3410	0.144736
3419	-0.040815
3429	0.493092
3438	0.439222
3447	0.156707
3456	0.463164
3466	0.546961
3474	0.472741
3483	0.714556
3492	0.712161
3501	0.770819
3511	0.997071
3520	0.704979
3529	0.865390
3537	1.082066
3546	0.833069
3556	1.007845
3565	1.100022
3574	0.901303
3583	0.910880
3593	0.993480
3602	0.730118
3610	0.762440
3619	0.807929
3628	0.514640
3638	0.518231
3647	0.465559
3656	0.190225
3665	0.382959
3673	0.208182
3683	0.062136
3692	0.190225
3701	0.098049
3710	-0.142569
3720	0.021434
3729	0.178254
3738	-0.171299
3746	-0.405931
3755	-0.027647
3765	0.004675
3774	-0.475363
3783	-0.460997
3792	-0.110247
3801	-0.462195
3811	-0.725557
3819	-0.295797
3828	-0.496910
3837	-0.713586
3847	-0.517261
3856	-0.625000
3865	-0.675279
3874	-0.702812
3883	-0.725557
3893	-0.601058
3901	-0.885968
3910	-0.800974
3919	-0.560357
3928	-0.870406
3938	-0.808157
3947	-0.610635
3956	-0.786609
3965	-0.790200
3973	-0.468180
3983	-0.836887
3992	-0.755484
4001	-0.444238
4010	-0.705206
4020	-0.593876
4029	-0.277841
4038	-0.447829
4046	-0.405931
4055	-0.150948
4065	-0.298192
4074	-0.183270
4083	-0.012085
4092	-0.167708
4101	-0.038421
4111	0.072909
4119	0.042982
4128	0.272825
4137	0.137553
4147	0.062136
4156	0.337469
4165	0.479924
4174	0.232124
4183	0.365002
4192	0.563721
4201	0.523019
4210	0.665474
4219	0.743286
4228	0.737300
4238	0.943202
4247	0.816309
4255	0.861799
4264	1.137132
4274	0.934822
4283	0.831871
4292	1.097628
4301	0.914471
4310	0.785184
4319	0.890529
4328	0.810324
4337	0.700190
4346	0.799550
4355	0.531399
4365	0.534990
4374	0.478727
4382	0.250080
4391	0.373382
4400	0.337469
4410	-0.033633
4419	0.139947
4428	0.149524
4437	-0.107853
4447	-0.031238
4455	0.157904
4464	-0.113838
4473	-0.341287
4482	-0.127006
4492	0.032208
4501	-0.441844
4510	-0.541203
4519	0.021434
4527	-0.298192
4537	-0.724360
4546	-0.433464
4555	-0.399945
4564	-0.651337
4574	-0.666899
4583	-0.568736
4592	-0.602255
4601	-0.822522
4609	-0.707600
4619	-0.480151
4628	-0.859632
4637	-0.911107
4646	-0.551977
4655	-0.777032
4665	-0.963780
4674	-0.547189
4682	-0.701615
4691	-0.888362
4701	-0.488531
4710	-0.771047
4719	-0.894348
4728	-0.462195
4737	-0.575919
4747	-0.759076
4756	-0.346076
4764	-0.381989
4773	-0.438253
4782	-0.153343
4792	-0.240731
4801	-0.094685
4810	-0.038421
4819	-0.191650
4829	0.057347
4837	0.112414
4846	-0.002508
4855	0.171072
4864	0.300359
4874	0.005872
4883	0.199802
4892	0.542173
4900	0.212970
4909	0.245292
4919	0.624773
4928	0.490698
4937	0.722935
4946	0.757651
4955	0.629561
4964	0.952779
4973	0.763637
4982	0.767228
4991	1.162271
5001	0.943202
5010	0.902500
5019	1.122767
5028	0.847434
5036	0.776805
5046	0.974326
5055	0.769622
5064	0.715753
5073	0.819900
5082	0.563721
5092	0.529005
5101	0.545764
5109	0.259657
5118	0.381762
5128	0.336272
5137	0.035799
5146	0.153115
5155	0.089669
5164	-0.099473
5174	0.013054
5182	0.150721
5191	-0.083911
5200	-0.368821
5209	-0.092290
5219	-0.000114
5228	-0.601058
5237	-0.486137
5246	-0.093488
5255	-0.438253
5264	-0.645351
5273	-0.383186
5282	-0.429873
5291	-0.675279
5301	-0.620212
5310	-0.494516
5319	-0.660913
5327	-0.742316
5336	-0.651337
5346	-0.645351
5355	-0.762667
5364	-0.827310
5373	-0.587890
5383	-0.866815
5392	-0.833296
5401	-0.478954
5409	-0.869209
5418	-0.897939
5428	-0.512473
5437	-0.721965
5446	-0.887165
5455	-0.513670
5464	-0.553174
5474	-0.736331
5482	-0.389171
5491	-0.360441
5500	-0.350864
5509	-0.265870
5519	-0.259884
5528	-0.021661
5537	-0.037224
5546	-0.202424
5556	-0.076728
5564	0.180649
5573	0.003478
5582	0.084880
5591	0.278811
5601	0.088472
5610	0.220153
5619	0.452390
5627	0.307541
5636	0.370988
5646	0.422463
5655	0.446405
5664	0.737300
5673	0.622379
5683	0.733709
5691	1.007845
5700	0.728921
5709	0.857011
5718	1.138329
5728	0.821098
5737	0.940808
5746	1.108402
5755	0.891726
5763	0.830674
5773	0.955173
5782	0.746877
5791	0.748074
5800	0.684628
5810	0.568509
5819	0.569706
5827	0.418872
5836	0.281205
5845	0.385353
5855	0.271628
5864	0.040588
5873	0.169875
5882	0.081289
5891	-0.079122
5900	-0.071940
5909	0.155509
5918	-0.070743
5927	-0.360441
5936	-0.134189
5946	0.041785
5955	-0.427479
5964	-0.514867
5972	-0.110247
5982	-0.296995
5991	-0.681264
6000	-0.358047
6009	-0.348470
6018	-0.761470
6028	-0.581905
6037	-0.507684
6045	-0.651337
6054	-0.653731
6063	-0.811748
6073	-0.574722
6082	-0.668096
6091	-0.896742
6100	-0.574722
6110	-0.777032
6119	-0.923078
6127	-0.568736
6136	-0.709994
6145	-1.017649
6155	-0.517261
6164	-0.575919
6173	-1.029620
6182	-0.438253
6191	-0.456209
6201	-0.731542
6209	-0.279038
6218	-0.409522
6227	-0.432267
6237	-0.191650
6246	-0.241928
6255	-0.250308
6264	0.047770
6273	-0.077925
6282	-0.142569
6291	0.197408
6300	0.035799
6309	0.130370
6318	0.224941
6328	-0.031238
6337	0.200999
6345	0.399718
6354	0.179451
6363	0.390141
6373	0.580480
6382	0.438025
6391	0.697796
6400	0.758848
6409	0.606817
6418	0.896515
6427	0.901303
6436	0.740892
6445	1.044955
6455	0.942005
6464	0.882150
6473	1.021013
6481	0.895318
6490	0.821098
6500	0.932428
6509	0.779199
6518	0.664277
6527	0.756454
6537	0.538582
6546	0.477530
6554	0.543370
6563	0.203393
6572	0.391338
6582	0.312330
6591	0.023828
6600	0.133962
6609	0.168678
6617	-0.094685
6627	0.019040
6636	0.147130
6645	-0.105458
6654	-0.253899
6664	-0.087502
6673	-0.034830
6681	-0.443041
6690	-0.470574
6699	-0.070743
6709	-0.280235
6718	-0.714783
6727	-0.346076
6736	-0.404734
6745	-0.727951
6755	-0.519655
6763	-0.536415
6772	-0.664505
6781	-0.646548
6791	-0.727951
6800	-0.630986
6809	-0.735134
6818	-0.848858
6827	-0.683658
6836	-0.706403
6845	-0.888362
6854	-0.648942
6863	-0.851252
6872	-0.919487
6882	-0.423887
6891	-0.699221
6900	-0.809354
6909	-0.367624
6917	-0.481348
6927	-0.674081
6936	-0.378398
6945	-0.346076
6954	-0.481348
6964	-0.213198
6973	-0.256293
6982	-0.155737
6990	-0.045604
6999	-0.143766
7009	-0.056377
7018	0.074107
7027	0.045376
7036	0.094457
7045	0.220153
7055	0.110020
7063	0.185437
7072	0.378170
7081	0.240504
7091	0.342257
7100	0.568509
7109	0.438025
7118	0.600831
7126	0.752863
7136	0.602028
7145	0.912077
7154	0.839054
7163	0.786382
7172	1.080868
7182	0.851025
7190	0.865390
7199	1.120373
7208	0.874967
7218	0.852222
7227	0.987495
7236	0.720541
7245	0.730118
7254	0.749271
7263	0.555341
7272	0.560130
7281	0.473938
7290	0.299162
7299	0.435631
7309	0.300359
7318	0.023828
7327	0.175860
7335	0.071712
7344	-0.087502
7354	-0.020464
7363	0.089669
7372	-0.033633
7381	-0.307768
7391	-0.185664
7400	0.044179
7408	-0.395157
7417	-0.489728
7426	-0.098276
7436	-0.334105
7445	-0.613029
7454	-0.409522
7463	-0.508881
7472	-0.654928
7481	-0.548386
7490	-0.514867
7499	-0.635774
7508	-0.590284
7518	-0.733936
7527	-0.629789
7536	-0.715980
7545	-0.913502
7553	-0.577116
7563	-0.717177
7572	-0.900333
7581	-0.603453
7590	-0.759076
7599	-0.847661
7609	-0.541203
7618	-0.611832
7627	-0.826113
7635	-0.482545
7645	-0.508881
7654	-0.741119
7663	-0.291009
7672	-0.360441
7681	-0.459800
7691	-0.231154
7700	-0.249111
7708	-0.221577
7717	-0.073137
7726	-0.046801
7736	-0.057575
7745	0.078895
7754	0.039391
7763	0.070515
7773	0.303950
7781	0.053756
7790	0.113611
7799	0.460770
7808	0.335075
7818	0.211773
7827	0.573298
7836	0.580480
7844	0.531399
7853	0.671460
7863	0.724132
7872	0.805535
7881	0.865390
7890	0.818703
7899	1.031787
7908	0.969538
7917	0.830674
7926	1.074883
7935	0.928837
7945	0.819900
7954	0.982706
7963	0.894121
7972	0.694205
7980	0.778002
7990	0.665474
7999	0.455982
8008	0.494289
8017	0.332680
8026	0.265643
8036	0.324301
8044	0.142341
8053	0.035799
8062	0.161495
8072	-0.075531
8081	-0.111444
8090	0.153115
8099	-0.009690
8108	-0.392763
8117	-0.170102
8126	0.090866
8135	-0.396354
8144	-0.505290
8153	-0.113838
8163	-0.239534
8172	-0.748302
8181	-0.460997
8189	-0.318542
8199	-0.636971
8208	-0.578313
8217	-0.486137
8226	-0.602255
8235	-0.733936
8245	-0.787806
8254	-0.627395
8262	-0.804565
8271	-0.876391
8280	-0.592679
8290	-0.664505
8299	-0.997299
8308	-0.663308
8317	-0.651337
8327	-0.870406
8336	-0.587890
8344	-0.671687
8353	-0.917093
8362	-0.478954
8372	-0.551977
8381	-0.608241
8390	-0.378398
8399	-0.296995
8408	-0.435858
8417	-0.308966
8426	-0.172496
8435	-0.183270
8444	0.001083
8453	-0.135386
8463	-0.069546
8472	0.062136
8481	0.027420
8489	0.090866
8499	0.203393
8508	0.118399
8517	0.107625
8526	0.422463
8535	0.396127
8545	0.228533
8554	0.519428
8562	0.575692
8571	0.507457
8580	0.744483
8590	0.633153
8599	0.821098
8608	0.927640
8617	0.725329
8626	1.030590
8635	1.041364
8644	0.797155
8653	1.001860
8662	1.022210
8672	0.756454
8681	1.007845
8690	0.932428
8698	0.714556
8707	0.798353
8717	0.609211
8726	0.508654
8735	0.531399
8744	0.333877
8754	0.277614
8762	0.432040
8771	0.059741
8780	0.057347
8789	0.184240
8799	-0.103064
8808	-0.128203
8817	0.112414
8826	-0.006099
8834	-0.305374
8844	-0.245519
8853	0.063333
8862	-0.347273
8871	-0.513670
8880	-0.149751
8890	-0.294600
8899	-0.680067
8907	-0.487334
8916	-0.391566
8926	-0.591482
8935	-0.641760
8944	-0.487334
8953	-0.638168
8962	-0.767455
8972	-0.745907
8981	-0.614226
8989	-0.695629
8998	-0.875194
9007	-0.757878
9017	-0.642957
9026	-0.844070
9035	-0.666899
9044	-0.736331
9054	-0.816536
9062	-0.619015
9071	-0.672884
9080	-0.818931
9089	-0.628592
9099	-0.392763
9108	-0.634577
9117	-0.555568
9126	-0.245519
9135	-0.439450
9144	-0.374806
9153	-0.164117
9162	-0.216789
9171	-0.132992
9181	-0.003705
9190	-0.004902
9199	-0.000114
9208	0.160298
9216	0.078895
9226	0.251278
9235	0.167480
9244	0.081289
9253	0.439222
9262	0.470347
9272	0.224941
9280	0.584072
9289	0.570903
9298	0.436828
9307	0.722935
9317	0.703782
9326	0.860602
9335	0.998268
9343	0.839054
9353	0.986297
9362	1.084460
9371	0.787579
9380	0.985100
9389	1.023408
9399	0.772016
9408	0.971932
9416	0.888135
9425	0.678642
9434	0.769622
9444	0.706176
9453	0.484712
9462	0.596043
9471	0.428448
9480	0.240504
9489	0.355425
9498	0.112414
9507	0.057347
9516	0.142341
9526	-0.014479
9535	-0.104261
9544	0.130370
9552	0.047770
9561	-0.338893
9571	-0.167708
9580	0.143538
9589	-0.416705
9598	-0.486137
9608	-0.235942
9617	-0.367624
9625	-0.550780
9634	-0.518458
9643	-0.431070
9653	-0.569933
9662	-0.698023
9671	-0.512473
9680	-0.581905
9689	-0.757878
9698	-0.741119
9707	-0.646548
9716	-0.682461
9725	-0.890757
9735	-0.718374
9744	-0.772244
9753	-0.834493
9762	-0.585496
9771	-0.796186
9780	-0.847661
9789	-0.658519
9798	-0.696826
9807	-0.793791
9816	-0.641760
9826	-0.548386
9835	-0.568736
9844	-0.444238
9853	-0.426282
9861	-0.296995
9871	-0.257490
9880	-0.276644
9889	-0.165314
9898	-0.113838
9908	-0.042012
9917	-0.073137
9926	0.019040
9934	0.104034
9943	0.041785
9953	0.135159
9962	0.114808
9971	0.121991
9980	0.291979
9989	0.455982
9998	0.417675
10007	0.475135
10016	0.445208
10025	0.500275
10035	0.646321
10044	0.789973
10053	0.810324
10062	0.957567
10071	0.915668
10081	0.981509
10090	1.034181
10099	0.904895
10107	1.044955
10116	0.944399
10126	0.821098
10135	0.934822
10144	0.901303
10153	0.714556
10163	0.725329
10172	0.633153
10181	0.484712
10190	0.499077
10199	0.405704
10209	0.317118
10218	0.399718
10226	0.125582
10235	0.121991
10244	0.159101
10254	-0.032435
10263	-0.115035
10272	0.173466
10281	-0.001311
10291	-0.362835
10300	-0.130598
10309	0.069318
10318	-0.408325
10327	-0.518458
10337	-0.186861
10345	-0.370018
10354	-0.620212
10363	-0.547189
10372	-0.486137
10382	-0.638168
10391	-0.627395
10400	-0.634577
10409	-0.625000
10419	-0.664505
10428	-0.798580
10437	-0.677673
10446	-0.812945
10455	-0.903925
10465	-0.628592
10473	-0.847661
10482	-0.841676
10491	-0.638168
10500	-0.751893
10510	-0.750696
10519	-0.605847
10528	-0.753090
10537	-0.738725
10547	-0.523247
10556	-0.659716
10565	-0.586693
10574	-0.353258
10583	-0.379595
10593	-0.391566
10602	-0.317345
10610	-0.235942
10619	-0.184467
10628	-0.097079
10638	0.001083
10647	-0.050392
10656	0.077698
10665	0.104034
10675	0.120794
10684	0.236912
10693	0.054953
10702	0.179451
10711	0.512246
10721	0.339863
10729	0.153115
10738	0.575692
10747	0.482318
10756	0.576889
10766	0.749271
10775	0.752863
10784	0.839054
10793	0.864193
10803	0.752863
10812	1.090445
10821	0.992283
10830	0.955173
10838	1.128752
10848	0.879755
10857	0.805535
10866	0.926442
10875	0.848631
10884	0.651109
10894	0.691811
10903	0.615196
10912	0.545764
10921	0.489501
10931	0.295570
10940	0.388944
10948	0.257263
10957	0.057347
10966	0.191422
10976	0.071712
10985	-0.165314
10994	0.017843
11003	0.167480
11012	-0.171299
11022	-0.429873
11031	0.036996
11040	-0.081517
11049	-0.589087
11058	-0.371215
11067	-0.152146
11076	-0.482545
11085	-0.543597
11094	-0.361638
11104	-0.476560
11113	-0.754287
11122	-0.658519
11131	-0.538809
11140	-0.695629
11150	-0.732739
11159	-0.709994
11168	-0.584299
11177	-0.845267
11187	-0.755484
11195	-0.525641
11204	-0.917093
11213	-0.852449
11222	-0.705206
11232	-0.873997
11241	-0.821325
11250	-0.659716
11259	-0.617818
11268	-0.581905
11278	-0.554371
11287	-0.654928
11296	-0.517261
11305	-0.476560
11315	-0.560357
11323	-0.316148
11332	-0.265870
11341	-0.161722
11350	-0.109050
11360	-0.050392
11369	-0.036027
11378	-0.036027
11387	0.036996
11396	0.048967
11406	0.139947
11415	0.185437
11424	0.031011
11433	0.372185
11442	0.539779
11451	0.234518
11460	0.329089
11469	0.610408
11478	0.536188
11488	0.661883
11497	0.713358
11506	0.873770
11515	0.994677
11524	0.756454
11534	0.841448
11543	1.077277
11551	0.842645
11560	0.999466
11570	1.042561
11579	0.870179
11588	0.969538
11597	0.886938
11606	0.780396
11616	0.827083
11625	0.737300
11634	0.580480
11643	0.574495
11652	0.323104
11661	0.224941
11670	0.500275
11679	0.096851
11688	0.078895
11698	0.218956
11707	-0.013282
11716	-0.075531
11725	0.082486
11734	0.092063
11744	-0.250308
11753	-0.330514
11762	0.082486
11771	-0.216789
11780	-0.578313
11789	-0.253899
11798	-0.216789
11807	-0.613029
11816	-0.480151
11826	-0.245519
11835	-0.634577
11844	-0.714783
11853	-0.492122
11862	-0.656125
11872	-0.739922
11881	-0.699221
11890	-0.713586
11899	-0.658519
11908	-0.838084
11917	-0.708797
11926	-0.682461
11935	-0.966174
11944	-0.663308
11954	-0.693235
11963	-0.947020
11972	-0.751893
11981	-0.636971
11990	-0.830902
12000	-0.683658
12009	-0.472968
12018	-0.705206
12027	-0.474166
12036	-0.295797
12046	-0.540006
12054	-0.329316
12063	-0.159328
12072	-0.253899
12082	-0.206015
12091	-0.058772
12100	0.019040
12109	-0.059969
12118	0.077698
12128	0.121991
12137	0.172269
12146	0.001083
12155	0.047770
12164	0.453588
12173	0.466756
12182	0.258460
12191	0.524217
12200	0.545764
12210	0.461967
12219	0.671460
12228	0.715753
12237	0.880953
12246	0.982706
12256	0.804338
12265	1.006648
12274	1.058124
12282	0.815112
12291	1.010239
12301	0.961158
12310	0.815112
12319	1.001860
12328	0.879755
12338	0.769622
12347	0.760045
12356	0.653503
12365	0.564918
12374	0.605619
12384	0.411689
12392	0.325498
12401	0.333877
12410	0.094457
12419	0.100443
12429	0.148327
12438	-0.069546
12447	-0.095882
12456	0.136356
12466	0.042982
12475	-0.325725
12484	-0.235942
12493	0.215364
12502	-0.361638
12511	-0.593876
12520	-0.146160
12529	-0.247913
12538	-0.681264
12547	-0.410719
12557	-0.322134
12566	-0.675279
12575	-0.681264
12584	-0.512473
12594	-0.620212
12603	-0.768652
12612	-0.744710
12621	-0.699221
12630	-0.729148
12640	-0.897939
12649	-0.671687
12657	-0.778229
12666	-1.070322
12675	-0.584299
12685	-0.725557
12694	-0.950612
12703	-0.611832
12712	-0.568736
12722	-0.852449
12731	-0.555568
12740	-0.504093
12749	-0.725557
12758	-0.352061
12768	-0.402340
12777	-0.538809
12786	-0.125809
12794	-0.209606
12803	-0.240731
12813	-0.099473
12822	-0.027647
12831	0.074107
12840	-0.018070
12850	0.053756
12859	0.167480
12868	0.192620
12877	-0.022859
12886	0.270431
12896	0.491895
12904	0.202196
12913	0.315921
12922	0.617590
12931	0.473938
12941	0.621182
12950	0.739695
12959	0.744483
12968	0.904895
12978	0.821098
12987	0.795958
12996	1.137132
13005	0.916866
13013	0.903697
13023	1.171848
13032	0.898909
13041	0.809127
13050	1.010239
13059	0.736103
13069	0.712161
13078	0.764834
13087	0.543370
13096	0.572101
13106	0.467953
13115	0.327892
13123	0.408098
13132	0.285993
13141	0.029814
13151	0.155509
13160	0.063333
13169	-0.094685
13178	0.035799
13187	0.062136
13197	-0.037224
13206	-0.281432
13215	-0.259884
13224	0.062136
13232	-0.423887
13242	-0.534020
13251	-0.057575
13260	-0.324528
13269	-0.712389
13279	-0.376003
13288	-0.468180
13297	-0.696826
13306	-0.640563
13315	-0.621409
13325	-0.583102
13334	-0.676476
13343	-0.823719
13352	-0.625000
13362	-0.742316
13370	-0.948217
13379	-0.614226
13388	-0.817733
13397	-0.927867
13407	-0.488531
13416	-0.890757
13425	-0.953006
13434	-0.471771
13443	-0.908713
13453	-0.797383
13462	-0.455012
13471	-0.634577
13480	-0.587890
13490	-0.209606
13498	-0.531626
13507	-0.373609
13516	-0.097079
13525	-0.328119
13535	-0.190453
13544	-0.086305
13553	-0.127006
13562	0.036996
13571	0.082486
13581	0.011857
13590	0.210576
13599	0.192620
13608	-0.056377
13616	0.325498
13626	0.524217
13635	0.204591
13644	0.283599
13653	0.648715
13663	0.496683
13672	0.635547
13681	0.817506
13690	0.776805
13699	0.938413
13709	0.696599
13718	0.908486
13726	1.179031
13735	0.825886
13744	0.973129
13754	1.146709
13763	0.800747
13772	0.857011
13781	1.070095
13791	0.672657
13800	0.722935
13809	0.836660
13818	0.512246
13827	0.499077
13837	0.463164
13845	0.296767
13854	0.388944
13863	0.236912
13872	0.011857
13882	0.189028
13891	-0.020464
13900	-0.194044
13909	0.102837
13919	0.132765
13928	-0.191650
13937	-0.348470
13946	0.096851
13955	-0.064757
13964	-0.636971
13973	-0.336499
13982	-0.038421
13991	-0.605847
14000	-0.535218
14010	-0.273053
14019	-0.559160
14028	-0.680067
14037	-0.495713
14047	-0.613029
14056	-0.688447
14065	-0.725557
14074	-0.688447
14083	-0.684855
14093	-0.830902
14101	-0.701615
14110	-0.607044
14119	-0.948217
14128	-0.791397
14138	-0.543597
14147	-0.966174
14156	-0.765061
14165	-0.501699
14175	-0.908713
14184	-0.589087
14193	-0.450224
14202	-0.719571
14211	-0.547189
14221	-0.276644
14230	-0.524444
14238	-0.385580
14247	-0.191650
14256	-0.244322
14266	-0.014479
14275	-0.118627
14284	-0.068348
14293	0.087275
14303	-0.008493
14312	0.094457
14321	0.242898
14330	0.139947
14339	0.051362
14349	0.354228
14357	0.543370
14366	0.302753
14375	0.422463
14384	0.586466
14394	0.482318
14403	0.652306
14412	0.639138
14421	0.812718
14431	0.997071
14440	0.742089
14449	1.037773
14458	1.126358
14466	0.809127
14476	1.062912
14485	1.025802
14494	0.779199
14503	0.918063
14512	0.922851
14522	0.660686
14531	0.727724
14540	0.698993
14549	0.458376
14559	0.519428
14568	0.408098
14576	0.295570
14585	0.436828
14594	0.104034
14604	0.051362
14613	0.222547
14622	-0.040815
14631	-0.109050
14640	0.132765
14650	-0.014479
14659	-0.307768
14668	-0.261082
14677	0.058544
14686	-0.252702
14695	-0.583102
14704	-0.377200
14713	-0.194044
14722	-0.696826
14732	-0.530429
14741	-0.276644
14750	-0.626197
14759	-0.648942
14768	-0.516064
14778	-0.611832
14787	-0.713586
14796	-0.771047
14805	-0.611832
14815	-0.695629
14823	-0.897939
14832	-0.717177
14841	-0.587890
14850	-0.797383
14860	-0.712389
14869	-0.689644
14878	-0.941035
14887	-0.708797
14896	-0.725557
14906	-0.829705
14915	-0.513670
14924	-0.482545
14933	-0.709994
14943	-0.367624
14952	-0.287418
14960	-0.517261
14969	-0.276644
14978	-0.172496
14988	-0.223971
14997	0.031011
