0	-0.848550
10	-1.420764
18	-0.522938
27	-0.342176
36	-0.816228
45	0.000195
55	-0.088391
63	-0.385272
72	0.167789
81	0.064838
90	-0.211692
99	0.341368
108	0.186942
117	0.365310
126	0.815420
135	0.213279
144	0.664586
153	1.258347
162	0.711272
171	0.915977
181	1.641420
189	1.275107
198	1.380452
207	1.734794
216	1.599521
226	2.098712
235	1.944286
243	1.730005
252	2.296234
261	2.150188
271	1.830562
280	2.278277
289	2.054419
297	1.867672
306	2.060405
316	1.701275
325	1.569594
334	1.688107
342	1.248771
352	1.406788
361	1.260742
370	0.771127
379	1.032095
388	0.793872
397	0.267148
406	0.728032
415	0.243206
424	-0.083602
433	0.209687
442	-0.232043
451	-0.320628
460	-0.072829
469	-0.476252
479	-0.661802
488	-0.319431
496	-0.679759
505	-1.058043
514	-1.032903
524	-1.012553
533	-1.217257
542	-1.307039
550	-1.488999
559	-1.559628
569	-1.650608
578	-1.809822
587	-1.747573
596	-1.778697
604	-2.133039
614	-2.104309
623	-1.921152
632	-2.227610
641	-2.394007
651	-2.109097
660	-1.907984
668	-2.043256
677	-1.693703
686	-1.415976
696	-1.554839
705	-1.194512
714	-1.236411
722	-1.232819
731	-0.604341
741	-0.880871
750	-1.028115
759	-0.142260
768	-0.204510
776	-0.515756
786	0.293484
795	0.014560
804	0.180957
813	0.458684
822	-0.221269
831	0.556846
840	1.130258
849	0.215673
858	0.835771
868	1.598324
876	0.858516
885	1.047658
894	1.503753
903	1.326582
913	1.764721
921	1.703669
930	1.562411
939	2.093924
949	2.190889
958	1.799437
967	2.245956
975	2.286657
984	2.144202
994	2.266306
1003	2.332147
1012	2.193283
1021	2.095121
1030	2.081953
1039	1.907176
1048	1.716837
1057	1.917950
1066	1.549243
1075	1.073994
1085	1.386437
1094	0.979423
1102	0.576000
1111	0.798661
1121	0.451502
1130	0.122299
1139	0.501780
1148	-0.141063
1157	-0.240423
1167	0.253980
1175	-0.487026
1184	-0.630677
1193	-0.169794
1202	-0.703701
1212	-0.917982
1221	-1.049663
1230	-1.336967
1239	-0.856929
1249	-1.171767
1257	-1.544065
1266	-1.178950
1275	-1.753558
1284	-1.975022
1294	-1.787077
1303	-2.178529
1312	-2.009738
1321	-2.093535
1330	-2.446680
1339	-2.002555
1348	-2.208456
1357	-2.445482
1366	-1.785880
1376	-2.332955
1385	-2.233596
1394	-1.830173
1403	-2.341335
1412	-1.530897
1421	-1.240002
1430	-1.867283
1439	-1.060437
1448	-0.842564
1457	-1.214863
1467	-0.578005
1476	-0.690533
1485	-0.738417
1493	0.267148
1503	-0.288307
1512	-0.387666
1521	0.959072
1530	0.184548
1539	-0.091982
1549	1.220040
1558	0.781901
1566	0.350945
1575	1.182930
1584	1.084768
1594	1.342145
1603	1.691698
1612	1.209266
1621	1.767115
1631	2.061602
1639	1.581565
1648	2.001747
1657	2.308205
1666	2.041252
1676	2.226802
1685	2.467419
1694	2.210043
1703	2.332147
1711	2.496150
1721	2.435098
1730	1.970623
1739	2.454251
1748	2.521289
1757	1.659376
1767	1.983791
1776	2.120260
1784	1.259545
1793	1.483402
1803	1.600718
1812	0.832180
1821	0.944707
1830	0.836968
1839	0.198913
1849	0.455093
1857	0.267148
1866	-0.445127
1875	0.107934
1884	-0.168597
1894	-0.612721
1903	-0.257182
1912	-0.580399
1921	-0.810243
1930	-0.587582
1939	-1.369289
1948	-1.149022
1957	-1.020932
1966	-1.869677
1976	-1.333376
1985	-1.188527
1994	-2.020512
2003	-1.729616
2011	-1.915167
2021	-2.209654
2030	-2.012132
2039	-2.431117
2048	-2.404781
2058	-2.170149
2067	-2.629836
2076	-2.439497
2085	-2.125857
2093	-2.410767
2103	-2.062410
2112	-2.110294
2121	-2.342532
2130	-1.633848
2139	-1.743981
2149	-1.997767
2158	-1.163388
2167	-1.236411
2175	-1.265141
2184	-0.394849
2194	-0.980231
2203	-0.601947
2212	0.180957
2221	-0.476252
2231	-0.264365
2240	0.633461
2248	0.142650
2257	0.349748
2266	1.027307
2276	0.745988
2285	0.848939
2294	1.154200
2303	0.996182
2312	1.793452
2321	1.677333
2330	1.419956
2339	1.935907
2348	2.060405
2358	1.897599
2367	2.000550
2376	2.164553
2385	2.412353
2393	2.254335
2403	2.350104
2412	2.755921
2421	2.222014
2430	2.302219
2439	2.702051
2449	1.982594
2458	2.449463
2466	2.682898
2475	1.709655
2485	2.168144
2494	2.232788
2503	1.291866
2512	1.709655
2521	1.739582
2531	0.848939
2539	1.242785
2548	0.857319
2557	0.243206
2566	0.801055
2576	0.044487
2585	-0.386469
2594	0.297076
2603	-0.265562
2611	-0.756373
2621	-0.369710
2630	-0.673773
2639	-0.797075
2648	-0.861718
2658	-1.423158
2667	-1.260353
2676	-1.346544
2685	-2.085155
2693	-1.369289
2703	-1.447100
2712	-2.026497
2721	-1.663776
2730	-1.900802
2739	-2.213245
2749	-2.056425
2758	-2.471819
2767	-2.413161
2775	-2.203668
2785	-2.818978
2794	-2.356897
2803	-2.311407
2812	-2.461045
2821	-2.020512
2831	-2.317393
2840	-2.226413
2849	-1.681732
2857	-2.018117
2866	-1.793062
2876	-1.299857
2885	-1.752361
2894	-1.083182
2903	-0.737220
2913	-0.965866
2922	-0.459492
2931	-0.453507
2939	-0.520544
2948	0.078006
2958	0.225250
2967	0.118708
2976	0.370099
2985	0.651417
2994	0.869290
3003	1.112301
3012	1.028504
3021	1.337356
3030	1.688107
3040	1.543258
3049	1.770707
3058	1.953863
3067	1.995762
3075	2.296234
3085	2.199269
3094	2.332147
3103	2.664941
3112	2.267503
3121	2.296234
3131	2.720008
3140	2.274686
3149	2.571567
3157	2.709234
3167	2.172933
3176	2.344118
3185	2.383622
3194	1.925133
3203	2.010127
3213	2.202860
3222	1.662968
3230	1.662968
3239	1.497768
3248	1.217646
3258	1.164974
3267	0.768733
3276	0.692119
3285	0.602336
3295	0.294681
3303	0.141452
3312	0.009771
3321	-0.247605
3330	-0.372104
3340	-0.538501
3349	-0.648634
3358	-0.731234
3367	-0.998188
3375	-1.437524
3385	-1.313025
3394	-1.400413
3403	-1.722434
3412	-1.527306
3421	-1.569205
3431	-2.067198
3440	-1.922349
3449	-2.110294
3457	-2.224019
3467	-2.153390
3476	-2.469424
3485	-2.385627
3494	-2.139025
3503	-2.581952
3513	-2.241975
3522	-2.068396
3531	-2.417949
3539	-2.061213
3548	-2.158178
3558	-2.500549
3567	-1.760741
3576	-1.850523
3585	-2.069593
3595	-1.380063
3604	-1.620680
3612	-1.441115
3621	-0.773133
3630	-1.105926
3640	-0.779118
3649	-0.393652
3658	-0.677365
3667	-0.010579
3676	0.213279
3686	-0.106347
3694	0.422771
3703	0.504174
3712	0.572409
3722	1.041672
3731	0.919568
3740	1.157791
3749	1.672544
3758	1.629449
3767	1.601915
3776	2.031675
3785	2.031675
3794	2.141808
3803	2.460237
3813	2.232788
3822	2.407564
3831	2.724796
3840	2.395593
3848	2.576355
3858	2.644590
3867	2.442280
3876	2.401579
3885	2.619451
3895	2.261518
3904	2.128640
3912	2.332147
3921	2.129837
3930	1.677333
3940	1.823379
3949	1.873657
3958	1.259545
3967	1.349327
3976	1.236800
3986	0.677754
3994	0.785493
4003	0.672965
4012	0.155818
4022	0.224052
4031	0.147438
4040	-0.331402
4049	-0.027339
4058	-0.340979
4067	-0.977837
4076	-0.858127
4085	-1.000582
4094	-1.091561
4103	-1.129869
4113	-1.334573
4122	-1.562022
4131	-1.740390
4140	-1.911576
4149	-2.115083
4158	-2.026497
4167	-1.864889
4176	-2.036074
4185	-2.105506
4195	-2.076775
4204	-2.168952
4213	-2.161770
4221	-2.270706
4230	-2.505337
4240	-2.292253
4249	-2.356897
4258	-2.395204
4267	-1.928335
4277	-2.007344
4286	-2.042059
4295	-1.661381
4303	-1.954671
4312	-1.721236
4322	-1.219651
4331	-1.573993
4340	-1.217257
4349	-0.823411
4358	-0.927559
4368	-0.540895
4377	-0.345768
4385	-0.330205
4394	-0.125501
4403	-0.108742
4413	0.051670
4422	0.417983
4431	0.385661
4440	0.717258
4449	1.082374
4458	1.096739
4467	1.214055
4476	1.500162
4485	1.562411
4495	1.812605
4504	1.952666
4513	2.087938
4521	2.225605
4530	2.291446
4540	2.356089
4549	2.494953
4558	2.559596
4567	2.466222
4577	2.517698
4586	2.617057
4595	2.490164
4603	2.344118
4612	2.485376
4622	2.371651
4631	1.832956
4640	2.390805
4649	2.029281
4658	1.421153
4668	1.945483
4676	1.503753
4685	0.913582
4694	1.390029
4704	1.078782
4713	0.411997
4722	0.911188
4731	0.469458
4739	0.000195
4749	0.465867
4758	-0.048887
4767	-0.287110
4776	0.167789
4785	-0.521741
4795	-0.811440
4804	-0.615115
4812	-1.138248
4821	-1.324996
4831	-1.165782
4840	-1.260353
4849	-1.488999
4858	-1.596738
4867	-1.827778
4877	-2.104309
4886	-1.983402
4895	-2.008541
4903	-2.256340
4912	-2.046848
4922	-2.153390
4931	-2.240778
4940	-1.953474
4949	-2.111491
4959	-2.374854
4968	-1.979810
4977	-2.171346
4985	-2.298239
4994	-1.808625
5004	-1.966642
5013	-1.915167
5022	-1.426750
5031	-1.759544
5040	-1.488999
5050	-1.053254
5059	-1.467451
5067	-1.144234
5076	-0.593567
5085	-0.967063
5095	-0.600750
5104	0.010968
5113	-0.393652
5122	-0.022550
5132	0.277922
5140	-0.088391
5149	0.172577
5158	0.366507
5167	0.704090
5177	1.040475
5186	0.968649
5195	1.081177
5203	1.635434
5212	1.571988
5222	1.527695
5231	1.915556
5240	2.093924
5249	2.231590
5259	2.157370
5268	2.390805
5276	2.593115
5285	2.311796
5294	2.305811
5304	2.728387
5313	2.478193
5322	2.323767
5331	2.445872
5340	2.409959
5350	2.138217
5358	2.006536
5367	2.085544
5376	1.880840
5386	1.512133
5395	1.662968
5404	1.461855
5413	0.828588
5422	1.247574
5431	1.024913
5440	0.309047
5449	0.681345
5458	0.541284
5467	-0.133881
5477	0.376084
5486	0.151029
5494	-0.538501
5503	0.043290
5512	-0.479843
5522	-0.561246
5531	-0.695321
5540	-1.134657
5549	-1.150219
5559	-1.162190
5568	-1.418370
5576	-1.351332
5585	-1.344150
5594	-1.737996
5604	-2.092338
5613	-1.967839
5622	-1.924744
5631	-2.018117
5640	-2.141419
5650	-2.147404
5658	-1.998964
5667	-1.996570
5676	-2.045651
5686	-1.970233
5695	-1.899604
5704	-1.961854
5713	-1.991781
5722	-1.952277
5732	-1.767923
5740	-1.678141
5749	-1.498576
5758	-1.352529
5767	-1.293871
5777	-1.135854
5786	-1.020932
5795	-1.159796
5804	-0.829396
5814	-0.623495
5822	-0.652225
5831	-0.166202
5840	-0.141063
5849	-0.242817
5859	0.432348
5868	0.246797
5877	-0.278730
5886	0.379676
5894	0.876472
5904	0.543678
5913	0.696907
5922	1.423547
5931	1.379255
5941	1.093148
5950	1.580368
5959	1.740779
5967	1.877249
5976	2.006536
5986	1.871263
5995	2.352498
6004	2.637408
6013	1.849715
6022	2.293840
6032	2.833732
6040	1.859292
6049	2.283066
6058	2.767892
6067	1.756341
6077	1.980199
6086	2.154976
6095	1.658179
6104	1.795846
6113	1.537272
6122	1.381649
6131	1.617478
6140	0.829785
6149	0.784296
6159	1.142229
6168	0.276725
6177	0.520933
6185	0.765142
6194	-0.254788
6204	0.234826
6213	0.286302
6222	-0.563640
6231	-0.115924
6241	-0.053675
6250	-0.801863
6258	-0.673773
6267	-0.767147
6276	-1.090364
6286	-0.955092
6295	-1.034101
6304	-1.250776
6313	-1.492590
6322	-1.675747
6332	-1.653002
6340	-1.818202
6349	-1.881648
6358	-1.694900
6368	-1.815807
6377	-1.781091
6386	-1.907984
6395	-1.951080
6404	-1.679338
6414	-1.937912
6422	-2.042059
6431	-1.672155
6440	-1.945094
6449	-1.791865
6459	-1.394428
6468	-1.613497
6477	-1.406399
6486	-1.014947
6496	-1.460268
6504	-1.067619
6513	-0.865309
6522	-1.335770
6531	-0.566034
6541	-0.242817
6550	-0.940727
6559	0.048079
6568	0.002589
6576	-0.661802
6586	0.294681
6595	0.222855
6604	-0.391257
6613	0.341368
6623	0.833377
6632	0.500583
6641	0.635855
6649	0.769930
6658	1.022519
6668	1.276304
6677	1.009351
6686	1.455869
6695	1.831759
6704	1.703669
6714	1.759933
6722	1.897599
6731	2.176524
6740	2.061602
6749	1.935907
6759	2.257927
6768	2.354892
6777	1.932315
6786	2.229196
6795	2.025689
6804	1.700078
6813	2.255532
6822	1.631843
6831	1.451081
6841	1.897599
6850	1.285881
6859	1.113498
6867	1.233208
6876	0.738806
6886	0.901611
6895	0.820209
6904	0.225250
6913	0.777113
6923	0.354536
6932	-0.193736
6940	0.456290
6949	-0.099165
6958	-0.441536
6968	0.045684
6977	-0.305066
6986	-0.739614
6995	-0.296686
7004	-0.740811
7013	-1.081984
7022	-0.831790
7031	-0.904814
7040	-1.243593
7050	-1.366894
7059	-1.497379
7068	-1.506955
7077	-1.529700
7086	-1.678141
7095	-1.660184
7104	-1.494984
7113	-1.758347
7122	-1.831370
7131	-1.626666
7141	-1.760741
7150	-1.777500
7159	-1.581176
7168	-1.708068
7176	-1.641031
7186	-1.381260
7195	-1.538080
7204	-1.278309
7213	-0.982625
7223	-1.093955
7232	-1.000582
7241	-0.873689
7249	-0.974246
7258	-0.724051
7268	-0.622298
7277	-0.610327
7286	-0.373301
7295	-0.362527
7304	-0.238029
7314	-0.101559
7323	-0.118318
7331	-0.001003
7340	0.072021
7350	0.044487
7359	0.450305
7368	0.720849
7377	0.328200
7386	0.518539
7396	1.143426
7404	0.877670
7413	0.850136
7422	1.428336
7431	1.467840
7441	1.459460
7450	1.688107
7459	1.561214
7468	1.903585
7477	2.010127
7486	1.545652
7495	2.068785
7504	2.189692
7513	1.569594
7523	2.068785
7532	1.974214
7541	1.387634
7549	2.007733
7558	1.658179
7568	1.246376
7577	1.591142
7586	1.248771
7595	0.967452
7605	1.129061
7614	0.801055
7622	0.681345
7631	0.826194
7640	0.277922
7650	0.576000
7659	0.388055
7668	-0.138669
7677	0.354536
7685	-0.040507
7695	-0.437944
7704	0.184548
7713	-0.186553
7722	-0.868901
7731	-0.307460
7741	-0.319431
7750	-0.817425
7759	-0.763556
7767	-0.694124
7777	-0.704898
7786	-1.285492
7795	-1.376471
7804	-0.909602
7813	-1.457874
7823	-1.673352
7832	-1.193315
7841	-1.453086
7849	-1.565613
7858	-1.477028
7868	-1.651805
7877	-1.281900
7886	-1.518926
7895	-1.660184
7905	-1.194512
7914	-1.512941
7923	-1.547657
7931	-0.951501
7940	-1.290280
7950	-1.205286
7959	-0.651028
7968	-1.223242
7977	-0.911996
7986	-0.405623
7996	-1.044874
8005	-0.479843
8013	-0.166202
8022	-0.827002
8032	-0.149443
8041	-0.057266
8050	-0.718066
8059	0.155818
8068	0.149832
8078	-0.354147
8086	0.288696
8095	0.054064
8104	0.104342
8113	0.868093
8123	0.067232
8132	0.435939
8141	1.394817
8149	0.528116
8159	0.658600
8168	1.539666
8177	1.106316
8186	1.045264
8195	1.587550
8205	1.376860
8214	1.597127
8222	1.787466
8231	1.315808
8240	1.858095
8250	1.859292
8259	1.317005
8268	1.946681
8277	1.769510
8287	1.352918
8295	1.728808
8304	1.322991
8313	1.095542
8322	1.419956
8332	1.009351
8341	0.985408
8350	1.138638
8359	0.532904
8367	0.753171
8377	0.700499
8386	0.209687
8395	0.437136
8404	0.287499
8413	-0.117121
8423	0.208490
8432	0.113919
8440	-0.428367
8449	0.174971
8459	-0.102756
8468	-0.755176
8477	-0.284715
8486	-0.143458
8495	-0.843761
8505	-0.634269
8513	-0.521741
8522	-0.695321
8531	-0.994596
8540	-1.284295
8550	-0.745599
8559	-1.012553
8568	-1.591949
8577	-0.932347
8587	-0.977837
8595	-1.484210
8604	-1.181344
8613	-1.316616
8622	-1.314222
8632	-1.204089
8641	-1.534489
8650	-1.147825
8659	-1.052057
8668	-1.435129
8677	-0.934741
8686	-0.900025
8695	-1.245987
8704	-0.698912
8714	-0.756373
8723	-1.007764
8732	-0.459492
8741	-0.611524
8749	-0.724051
8759	-0.296686
8768	-0.500194
8777	-0.381681
8786	0.006180
8795	-0.384075
8805	-0.108742
8814	0.160606
8822	-0.261971
8831	0.117510
8840	0.033713
8850	-0.036916
8859	0.670571
8868	0.362916
8877	-0.082405
8887	0.938722
8895	0.894429
8904	0.306652
8913	0.974635
8922	1.127864
8932	0.900414
8941	1.180536
8950	1.162580
8959	1.261939
8967	1.560017
8977	1.285881
8986	1.315808
8995	1.616281
9004	1.467840
9014	1.378058
9023	1.544455
9032	1.345736
9040	1.396014
9049	1.412774
9059	1.161382
9068	1.180536
9077	1.020124
9086	0.950693
9095	0.937524
9105	0.771127
9113	0.641841
9122	0.595154
9131	0.517342
9141	0.444319
9150	0.303061
9159	0.136664
9168	0.214476
9177	0.056458
9186	-0.117121
9195	-0.100362
9204	0.004983
9213	-0.194933
9222	-0.531318
9232	-0.131487
9241	0.116313
9249	-0.933544
9258	-0.843761
9267	0.095963
9277	-0.604341
9286	-1.204089
9295	-0.458295
9304	-0.572020
9314	-1.187330
9323	-1.001779
9331	-0.761162
9340	-1.078393
9349	-1.224440
9359	-1.011356
9368	-0.959880
9377	-1.155008
9386	-1.164585
9395	-0.967063
9405	-1.012553
9413	-1.166979
9422	-0.937135
9431	-0.879674
9441	-0.965866
9450	-0.789892
9459	-0.891646
9468	-0.753979
9477	-0.522938
9486	-0.715672
9495	-0.680956
9504	-0.360133
9513	-0.481040
9522	-0.475055
9532	-0.102756
9541	-0.409214
9550	-0.441536
9559	0.027728
9568	-0.094376
9577	-0.209298
9586	0.148635
9595	-0.033324
9604	-0.077617
9614	0.196519
9623	0.352142
9631	0.432348
9640	0.182154
9649	0.425165
9659	0.883655
9668	0.693316
9677	0.474247
9686	0.949496
9696	1.150609
9704	0.882458
9713	1.076388
9722	1.163777
9731	1.186522
9741	1.241588
9750	1.126667
9759	1.309823
9768	1.368481
9776	1.230814
9786	1.185324
9795	1.261939
9804	1.185324
9813	1.073994
9823	1.068009
9832	0.877670
9841	0.954284
9849	0.773522
9858	0.610716
9868	0.787887
9877	0.592759
9886	0.376084
9895	0.449107
9904	0.437136
9914	0.148635
9922	0.236023
9931	0.176168
9940	0.024137
9949	0.024137
9959	-0.018959
9968	-0.014171
9977	-0.188947
9986	-0.318234
9995	-0.251197
10004	0.046882
10013	-0.445127
10022	-0.624692
10031	-0.108742
10041	-0.467872
10050	-0.834185
10059	-0.392455
10068	-0.595962
10077	-0.870098
10087	-0.730037
10096	-0.725249
10105	-0.761162
10114	-0.919179
10124	-0.995793
10132	-0.815031
10141	-1.017341
10150	-1.091561
10159	-0.807848
10169	-0.813834
10178	-1.110715
10187	-0.781512
10196	-0.708489
10205	-0.952698
10215	-0.818622
10224	-0.628283
10233	-0.810243
10242	-0.592370
10252	-0.591173
10261	-0.576808
10269	-0.373301
10278	-0.423579
10287	-0.501391
10297	-0.267956
10306	-0.351753
10315	-0.364921
10324	-0.108742
10333	-0.131487
10343	-0.199721
10352	0.010968
10361	-0.048887
10370	-0.066843
10380	0.118708
10389	0.173774
10398	0.237221
10406	0.443122
10415	0.327003
10425	0.416786
10434	0.750777
10443	0.633461
10452	0.580788
10461	0.926751
10471	0.941116
10480	0.937524
10489	0.962664
10498	1.064417
10508	1.173353
10516	1.044067
10525	1.133849
10534	1.148214
10543	1.224829
10553	1.109907
10562	1.101527
10571	1.071600
10580	1.015336
10589	0.996182
10599	0.798661
10608	0.816617
10617	0.808238
10626	0.610716
10635	0.629870
10644	0.670571
10653	0.409603
10662	0.328200
10671	0.574803
10681	0.329397
10690	0.188139
10699	0.250389
10708	0.188139
10717	-0.002200
10727	0.012166
10736	0.042093
10744	-0.157823
10753	-0.136275
10763	-0.186553
10772	-0.090785
10781	-0.425973
10790	-0.239226
10799	-0.143458
10809	-0.694124
10818	-0.564837
10827	-0.106347
10836	-0.678562
10845	-0.643846
10855	-0.391257
10864	-0.889251
10873	-0.629480
10881	-0.530121
10891	-0.983822
10900	-0.701307
10909	-0.690533
10918	-1.019735
10927	-0.750388
10937	-0.925164
10946	-0.976640
10955	-0.789892
10964	-0.937135
10973	-0.848550
10983	-0.696518
10992	-1.014947
11001	-0.672576
11010	-0.576808
11019	-0.901222
11028	-0.537304
11037	-0.440338
11046	-0.640254
11055	-0.236831
11065	-0.337388
11074	-0.542092
11083	-0.091982
11092	-0.234437
11101	-0.518150
11111	-0.005791
11120	0.049276
11129	-0.199721
11138	-0.101559
11147	-0.033324
11156	0.347354
11165	0.135467
11174	-0.068040
11183	0.626278
11193	0.681345
11202	0.165395
11211	0.684936
11220	0.905203
11229	0.535299
11239	0.695710
11248	1.032095
11257	0.860910
11265	0.939919
11275	0.978226
11284	1.003365
11293	1.155397
11302	0.980620
11311	0.997380
11321	1.070403
11330	1.129061
11339	1.084768
11348	0.985408
11357	0.954284
11367	1.010548
11375	0.842954
11384	0.741200
11393	0.874078
11403	0.696907
11412	0.628673
11421	0.737609
11430	0.500583
11439	0.573606
11449	0.480232
11458	0.269542
11467	0.282710
11476	0.404815
11485	0.050473
11494	0.010968
11503	0.200110
11512	-0.198524
11521	-0.109939
11531	-0.078814
11540	-0.178173
11549	-0.299081
11558	-0.429565
11567	-0.060858
11577	-0.179371
11586	-0.803060
11595	-0.180568
11604	-0.166202
11612	-0.852141
11622	-0.399637
11631	-0.374498
11640	-0.868901
11649	-0.634269
11659	-0.629480
11668	-0.896434
11677	-0.569625
11686	-0.771935
11695	-1.012553
11705	-0.744402
11714	-0.883266
11723	-1.019735
11732	-0.835382
11741	-1.074802
11751	-0.858127
11759	-0.806651
11768	-1.037692
11777	-0.702504
11787	-0.812637
11796	-0.975443
11805	-0.564837
11814	-0.702504
11823	-0.856929
11833	-0.284715
11842	-0.478646
11851	-0.619904
11860	-0.001003
11869	-0.404426
11879	-0.579202
11887	0.133073
11896	-0.042901
11905	-0.160217
11915	0.133073
11924	0.153423
11933	0.146241
11942	0.299470
11951	0.350945
11961	0.540087
11970	0.572409
11979	0.406012
11988	0.884852
11996	0.767536
12006	0.488612
12015	1.042869
12024	0.851333
12033	0.723243
12043	1.094345
12052	0.978226
12061	0.850136
12070	1.051249
12079	1.131455
12089	0.895626
12098	1.109907
12107	0.967452
12116	0.950693
12124	1.063220
12134	0.991394
12143	0.984211
12152	0.954284
12161	0.919568
12171	0.915977
12180	0.823800
12189	0.729229
12198	0.894429
12207	0.633461
12217	0.443122
12226	0.766339
12235	0.353339
12243	0.269542
12252	0.404815
12262	0.083992
12271	0.055261
12280	0.058853
12289	-0.131487
12299	-0.162611
12308	-0.199721
12317	-0.319431
12326	-0.209298
12335	-0.228452
12345	-0.424776
12354	-0.588779
12363	-0.489420
12371	-0.325417
12380	-0.543289
12390	-0.525333
12399	-0.447521
12408	-0.639057
12417	-0.759964
12427	-0.563640
12436	-0.810243
12445	-0.848550
12454	-0.730037
12463	-0.868901
12473	-0.926362
12482	-0.931150
12491	-0.935938
12500	-1.055648
12508	-1.126277
12518	-1.025721
12527	-0.883266
12536	-1.200498
12545	-0.962275
12555	-0.788695
12564	-1.169373
12573	-0.895237
12582	-0.605538
12591	-0.878477
12601	-0.537304
12610	-0.422382
12619	-0.597159
12628	-0.338585
12637	-0.370907
12647	-0.326614
12655	-0.081208
12664	-0.066843
12673	0.027728
12683	0.069626
12692	0.172577
12701	0.417983
12710	0.346157
12719	0.233629
12729	0.622687
12738	0.755565
12747	0.520933
12756	0.807041
12764	0.875275
12774	0.720849
12783	0.961466
12792	0.930342
12801	0.859713
12811	1.085965
12820	1.076388
12829	0.889640
12838	1.179339
12847	1.039278
12857	0.955481
12866	1.232011
12874	1.035687
12883	1.095542
12892	1.217646
12902	0.975832
12911	1.147017
12920	1.108710
12929	0.904006
12939	1.016533
12948	0.981817
12957	0.751974
12966	0.924356
12975	0.672965
12985	0.622687
12994	0.793872
13002	0.306652
13011	0.310244
13020	0.586774
13030	0.009771
13039	-0.015368
13048	0.287499
13057	-0.288307
13067	-0.241620
13076	0.062444
13085	-0.464281
13094	-0.423579
13103	-0.040507
13113	-0.753979
13121	-0.582793
13130	-0.326614
13139	-0.702504
13148	-0.408017
13158	-0.502588
13167	-1.066422
13176	-0.594764
13185	-0.678562
13195	-1.193315
13204	-0.637860
13213	-0.812637
13222	-1.166979
13231	-0.792286
13241	-1.058043
13250	-1.238805
13258	-0.910799
13267	-1.251973
13276	-1.256761
13286	-1.006567
13295	-1.315419
13304	-1.132263
13313	-0.874886
13323	-1.194512
13332	-0.896434
13341	-0.642649
13350	-0.995793
13359	-0.684547
13369	-0.498997
13378	-0.727643
13387	-0.394849
13396	-0.223663
13404	-0.533712
13414	-0.006988
13423	-0.058463
13432	-0.259576
13441	0.337777
13451	0.091174
13460	0.113919
13469	0.638249
13478	0.323412
13487	0.456290
13497	0.768733
13506	0.482626
13514	0.753171
13523	1.127864
13532	0.729229
13542	1.051249
13551	1.229617
13560	0.759156
13569	1.175748
13579	1.355313
13588	1.009351
13597	1.212858
13606	1.336159
13615	1.127864
13625	1.409182
13634	1.261939
13643	1.054840
13651	1.446292
13660	1.119484
13670	1.047658
13679	1.351721
13688	1.071600
13697	1.085965
13707	1.064417
13716	0.822603
13725	0.991394
13734	0.838165
13743	0.561635
13753	0.863304
13761	0.500583
13770	0.203702
13779	0.589168
13788	0.107934
13798	-0.111136
13807	0.275528
13816	-0.148246
13825	-0.291898
13835	-0.083602
13844	-0.528924
13853	-0.473857
13862	-0.120713
13871	-0.763556
13881	-0.569625
13890	-0.271547
13898	-0.892843
13907	-0.756373
13916	-0.491814
13926	-1.175359
13935	-0.745599
13944	-0.694124
13953	-1.370486
13963	-0.824608
13972	-1.007764
13981	-1.426750
13990	-0.977837
13999	-1.286689
14009	-1.506955
14018	-1.006567
14027	-1.374077
14035	-1.474634
14044	-1.103532
14054	-1.459071
14063	-1.171767
14072	-1.000582
14081	-1.390837
14091	-0.813834
14100	-0.746796
14109	-1.180147
14118	-0.414002
14127	-0.655817
14137	-0.911996
14146	-0.089588
14155	-0.301475
14164	-0.564837
14172	0.100751
14182	0.063641
14191	-0.113530
14200	0.261163
14209	0.157015
14219	0.347354
14228	0.429954
14237	0.279119
14246	0.890838
14255	0.790281
14265	0.479035
14274	1.164974
14283	0.951890
14291	0.720849
14300	1.276304
14310	1.229617
14319	0.990197
14328	1.478614
14337	1.330174
14347	1.313414
14356	1.589944
14365	1.211661
14374	1.407985
14383	1.592339
14393	1.114695
14402	1.571988
14411	1.551637
14419	1.228420
14428	1.581565
14438	1.212858
14447	1.003365
14456	1.318203
14465	0.999774
14475	0.844151
14484	1.123075
14493	0.649023
14502	0.729229
14511	0.639446
14521	0.197716
14530	0.529313
14538	0.319821
14547	-0.166202
14556	0.113919
14566	-0.129092
14575	-0.437944
14584	0.083992
14593	-0.372104
14603	-0.713278
14612	0.127087
14621	-0.800666
14630	-1.190921
14639	0.055261
14649	-0.813834
14658	-1.240002
14667	-0.331402
14675	-0.953895
14684	-1.255564
14694	-0.779118
14703	-1.225637
14712	-1.078393
14721	-1.058043
14731	-1.618286
14740	-1.302251
14749	-1.297463
14758	-1.693703
14767	-1.257958
14777	-1.469845
14786	-1.717645
14795	-1.240002
14804	-1.461466
14813	-1.466254
14822	-1.066422
14831	-1.289083
14840	-1.104729
14849	-0.865309
14859	-1.149022
14868	-0.728840
14877	-0.533712
14886	-0.727643
14895	-0.366118
14905	-0.244014
14914	-0.532515
14923	0.018151
14932	0.147438
14941	-0.080011
14951	0.178563
14959	0.398829
14968	0.348551
14977	0.335383
14987	0.566423
14996	0.847742