0	-0.819607
9	-1.057830
17	-0.932134
27	-0.974033
36	-1.219438
44	-1.135641
53	-1.175146
63	-1.517517
72	-1.436114
80	-1.288870
89	-1.468436
98	-1.325981
107	-1.057830
116	-1.323586
125	-1.230213
134	-1.115291
142	-1.369076
152	-1.191905
161	-0.983610
169	-1.098531
178	-0.889039
187	-0.738204
197	-0.890236
205	-0.625677
214	-0.474842
223	-0.531106
233	-0.260561
241	-0.234225
250	-0.191129
259	0.021955
268	-0.059448
277	-0.060645
286	0.258981
295	0.363129
303	0.041109
312	0.501992
322	0.721062
331	0.296091
339	0.467277
348	1.174763
357	0.922175
366	0.883868
375	1.259757
384	1.071812
393	1.292079
401	1.453688
411	1.421366
420	1.612902
429	1.646421
437	1.521922
447	1.708670
456	1.691911
465	1.429746
473	1.738598
482	1.693108
492	1.493192
500	1.472841
509	1.301656
518	1.322007
527	1.142441
536	0.974847
545	1.004775
554	1.010760
563	0.668389
571	0.626491
581	0.667192
590	0.377494
598	0.370311
607	0.424181
617	0.202717
626	0.177578
634	-0.015155
643	-0.125288
652	0.063854
661	-0.173172
670	-0.418578
679	-0.150427
688	-0.363511
696	-0.464068
706	-0.497587
715	-0.734613
724	-0.810030
732	-0.908192
741	-0.764540
751	-0.710671
760	-1.018326
768	-0.923755
777	-1.150007
787	-1.353514
796	-0.987201
804	-1.221833
813	-1.416960
822	-1.014734
831	-1.276899
840	-1.412172
849	-0.918966
858	-1.263731
866	-1.463647
876	-0.964456
885	-1.381047
894	-1.242184
902	-0.738204
911	-1.076984
921	-0.988398
930	-0.601735
938	-0.930937
947	-0.665181
956	-0.340767
966	-0.593355
974	-0.359920
983	-0.222254
992	-0.383862
1001	-0.076207
1010	0.106949
1019	-0.183946
1028	0.139271
1037	0.620505
1046	-0.039097
1055	-0.013958
1064	0.971256
1073	0.576213
1081	0.274543
1091	1.075404
1100	1.001183
1109	0.759369
1117	1.074207
1126	0.994001
1136	1.405804
1145	1.565018
1154	1.214267
1162	1.622479
1172	1.622479
1181	1.342357
1190	1.683531
1198	1.659589
1207	1.372285
1217	1.597340
1226	1.646421
1235	1.368693
1243	1.448899
1252	1.294473
1262	1.130470
1271	1.341160
1279	0.920978
1288	0.914992
1297	1.062236
1307	0.592972
1316	0.584592
1324	0.810844
1333	0.412210
1343	0.382282
1352	0.424181
1360	0.256587
1369	0.099767
1378	0.042306
1388	0.037517
1396	0.094978
1405	-0.264152
1414	-0.092967
1423	-0.094164
1433	-0.557442
1441	-0.406607
1450	-0.270138
1459	-0.787285
1468	-0.914178
1478	-0.604129
1486	-0.732219
1495	-0.990792
1504	-0.953682
1514	-0.778905
1522	-1.074589
1531	-1.293659
1540	-1.208665
1549	-1.105714
1559	-1.330769
1567	-1.327178
1576	-1.147612
1585	-1.305630
1594	-1.235001
1604	-1.209862
1612	-1.290068
1621	-1.206270
1630	-1.152401
1640	-1.242184
1649	-0.946499
1657	-0.847140
1666	-1.006355
1675	-0.716656
1685	-0.693911
1693	-0.787285
1702	-0.488010
1711	-0.424564
1720	-0.403016
1730	-0.157610
1738	-0.312036
1747	-0.127683
1756	0.026743
1765	-0.150427
1775	0.310456
1783	0.589381
1792	-0.200706
1801	-0.022338
1811	1.110120
1819	0.564242
1828	0.213491
1837	1.178354
1846	1.105331
1855	0.646842
1864	1.064630
1873	1.147230
1882	1.407001
1891	1.414183
1900	1.351934
1909	1.606916
1918	1.618887
1927	1.153215
1935	1.648815
1945	1.739795
1954	1.215465
1963	1.610508
1972	1.654800
1980	1.233421
1990	1.355525
1999	1.240604
2008	1.231027
2016	1.214267
2026	0.867108
2035	0.928160
2044	1.016746
2053	0.573819
2061	0.566636
2071	0.785705
2080	0.476853
2089	0.252995
2097	0.497204
2106	0.169198
2116	-0.025929
2125	0.262572
2133	-0.084587
2142	-0.127683
2152	-0.215071
2161	-0.059448
2170	-0.108529
2178	-0.588566
2187	-0.404213
2197	-0.294080
2206	-1.017129
2215	-0.625677
2223	-0.353935
2232	-1.000369
2242	-0.963259
2251	-0.879462
2259	-1.068604
2268	-0.982413
2277	-1.221833
2287	-1.066210
2296	-0.935726
2304	-1.554627
2313	-1.371470
2323	-1.054239
2332	-1.564204
2341	-1.274505
2349	-1.027902
2358	-1.475618
2368	-1.117685
2377	-0.966850
2386	-1.359499
2394	-0.812424
2403	-0.814818
2413	-1.188314
2422	-0.629268
2430	-0.684334
2439	-0.880659
2448	-0.417381
2458	-0.328796
2467	-0.498784
2475	-0.139654
2484	-0.183946
2494	-0.243801
2503	0.255390
2512	0.038714
2520	-0.011564
2529	0.516358
2539	0.112935
2548	0.275740
2556	0.980833
2565	0.460094
2574	0.389465
2584	1.227436
2593	0.786902
2601	0.852743
2610	1.544667
2619	0.931752
2629	1.180749
2637	1.569806
2646	1.240604
2655	1.496783
2665	1.636844
2674	1.439322
2682	1.694305
2691	1.675151
2700	1.337569
2710	1.687122
2718	1.585369
2727	1.156807
2736	1.496783
2745	1.440520
2755	1.126879
2763	1.125682
2772	0.950905
2781	0.976044
2790	1.017943
2799	0.663601
2808	0.719865
2817	0.649236
2826	0.262572
2836	0.408619
2844	0.438546
2853	0.074628
2862	0.162016
2871	0.043503
2880	-0.052265
2889	-0.000790
2898	-0.222254
2907	-0.316825
2916	-0.400622
2925	-0.401819
2934	-0.249787
2943	-0.584975
2952	-0.642436
2960	-0.673561
2970	-0.948894
2979	-0.867491
2988	-0.795665
2997	-0.896221
3006	-0.903404
3015	-1.177540
3024	-1.318798
3033	-1.091349
3042	-1.349923
3051	-1.401398
3060	-1.102123
3069	-1.387033
3078	-1.415763
3087	-1.009946
3096	-1.390624
3105	-1.376259
3114	-0.940514
3123	-1.335557
3131	-1.200285
3141	-0.880659
3150	-1.170357
3159	-0.939317
3168	-0.650816
3177	-0.912981
3186	-0.687926
3195	-0.414987
3204	-0.537091
3213	-0.319219
3222	-0.052265
3231	-0.234225
3240	0.098570
3249	0.148848
3257	-0.101346
3267	0.373903
3276	0.172790
3285	-0.070222
3294	0.935343
3302	1.020337
3312	0.140468
3321	0.887459
3330	1.155610
3338	0.579804
3348	1.120894
3357	1.187931
3366	1.086178
3375	1.545864
3383	1.350737
3393	1.337569
3402	1.737401
3411	1.421366
3419	1.440520
3428	2.010339
3438	1.354328
3447	1.359117
3456	1.864293
3464	1.416578
3473	1.272925
3483	1.587763
3492	1.295670
3500	1.237012
3509	1.278911
3519	0.883868
3528	1.069418
3537	0.839575
3545	0.476853
3554	0.785705
3564	0.639659
3573	0.272149
3581	0.513963
3590	0.446926
3599	-0.000790
3609	0.074628
3618	-0.011564
3626	-0.145639
3635	-0.060645
3644	-0.106135
3654	-0.377877
3662	-0.383862
3671	-0.385059
3680	-0.691517
3690	-0.719050
3699	-0.499981
3707	-0.757358
3716	-0.859111
3725	-0.824395
3735	-1.063815
3743	-1.062618
3752	-1.091349
3761	-1.290068
3770	-1.031494
3780	-1.093743
3788	-1.534276
3797	-1.212256
3806	-1.206270
3816	-1.619270
3825	-1.147612
3833	-1.260140
3842	-1.632438
3851	-1.181131
3861	-1.230213
3870	-1.418157
3878	-0.969244
3887	-1.049450
3896	-1.173949
3906	-0.663984
3915	-0.808833
3923	-0.871082
3932	-0.412593
3941	-0.519135
3951	-0.454491
3959	-0.180355
3968	-0.297671
3977	-0.094164
3987	0.213491
3996	-0.079799
4004	0.188352
4013	0.693529
4022	-0.031914
4032	0.372706
4040	1.204691
4049	0.428969
4058	0.281726
4067	1.314824
4077	1.049067
4085	0.870699
4094	1.278911
4103	1.219056
4112	1.424957
4121	1.470447
4130	1.226238
4139	1.724232
4148	1.706276
4158	1.237012
4166	1.757751
4175	1.828380
4184	1.220253
4193	1.633253
4202	1.791270
4211	1.293276
4220	1.539879
4229	1.535090
4238	1.233421
4247	1.233421
4256	1.037096
4265	0.948511
4274	1.130470
4282	0.723456
4292	0.565439
4301	0.891050
4310	0.418195
4319	0.202717
4328	0.426575
4337	0.211097
4346	0.067445
4355	0.135680
4363	-0.126485
4373	-0.136062
4382	-0.160004
4391	-0.284503
4399	-0.344358
4408	-0.551456
4418	-0.513149
4427	-0.492798
4436	-0.649619
4444	-0.832775
4453	-0.868688
4463	-0.898615
4472	-1.115291
4481	-1.108108
4489	-0.947697
4499	-1.255352
4508	-1.264928
4517	-1.056633
4526	-1.414566
4534	-1.336754
4544	-1.153598
4553	-1.582160
4562	-1.480407
4570	-1.246972
4579	-1.662366
4589	-1.276899
4598	-1.084166
4607	-1.433720
4615	-1.098531
4624	-0.901010
4634	-1.284082
4643	-0.893827
4652	-0.720247
4660	-0.975230
4670	-0.539485
4679	-0.503572
4688	-0.581384
4696	-0.279714
4705	-0.307248
4715	-0.100149
4724	0.288908
4733	-0.064236
4741	0.036320
4750	0.685149
4760	0.099767
4769	-0.034309
4777	1.100543
4786	0.798873
4795	0.241024
4805	1.263349
4814	1.265743
4822	0.753384
4831	1.366299
4841	1.257363
4850	1.280108
4858	1.537485
4867	1.289685
4876	1.556638
4886	1.978018
4895	1.296867
4903	1.587763
4912	2.134838
4921	1.286093
4931	1.606916
4939	1.982806
4948	1.283699
4957	1.429746
4966	1.600931
4976	1.163989
4984	1.193917
4993	1.197508
5002	0.895839
5012	1.247786
5020	0.930555
5029	0.421787
5038	0.956891
5047	0.517555
5057	0.087796
5065	0.551074
5074	0.152439
5083	0.021955
5092	0.267361
5101	-0.145639
5110	-0.189932
5119	-0.011564
5128	-0.432943
5137	-0.471250
5146	-0.334781
5155	-0.540682
5164	-0.599340
5173	-0.584975
5182	-0.948894
5191	-0.963259
5200	-0.880659
5209	-1.185920
5218	-1.093743
5227	-0.850731
5236	-1.342740
5245	-1.316404
5254	-1.049450
5263	-1.572583
5272	-1.512728
5281	-1.274505
5290	-1.729404
5299	-1.558218
5308	-1.315207
5317	-1.619270
5326	-1.310418
5335	-1.141627
5344	-1.515122
5353	-1.161978
5362	-1.049450
5371	-1.346331
5380	-0.856717
5389	-0.687926
5398	-0.964456
5407	-0.575398
5416	-0.580187
5425	-0.567019
5434	-0.266546
5443	-0.296474
5452	-0.106135
5461	0.278135
5470	-0.130077
5478	0.057868
5488	0.710288
5497	0.097372
5506	0.124906
5515	1.001183
5524	0.802465
5533	0.425378
5542	1.209479
5551	1.258560
5559	0.829998
5569	1.294473
5578	1.242998
5587	1.398621
5596	1.666772
5604	1.366299
5614	1.614099
5623	1.939711
5632	1.409395
5640	1.584172
5649	2.030690
5659	1.462067
5668	1.661983
5677	2.054632
5685	1.387847
5695	1.423760
5704	1.614099
5713	1.266940
5721	1.166383
5730	1.237012
5740	0.989212
5749	1.179552
5758	0.892247
5766	0.536708
5775	0.930555
5785	0.469671
5794	0.196732
5802	0.546285
5811	0.112935
5820	-0.036703
5830	0.188352
5839	-0.011564
5847	-0.198312
5856	-0.183946
5866	-0.405410
5875	-0.412593
5883	-0.425761
5892	-0.594552
5901	-0.595749
5911	-0.610114
5920	-0.969244
5928	-0.918966
5937	-0.946499
5946	-1.261337
5956	-1.108108
5965	-1.060224
5973	-1.437311
5982	-1.328375
5992	-1.278097
6001	-1.627650
6009	-1.422946
6018	-1.450479
6027	-1.637227
6037	-1.460056
6046	-1.501954
6054	-1.604905
6063	-1.276899
6072	-1.408580
6082	-1.553430
6091	-1.003960
6099	-1.116488
6108	-1.274505
6117	-0.765737
6127	-0.934528
6135	-0.921360
6144	-0.492798
6153	-0.672363
6163	-0.383862
6172	-0.152822
6180	-0.479630
6189	0.024349
6198	0.232645
6208	-0.189932
6216	0.302077
6225	0.551074
6234	0.094978
6243	0.564242
6253	1.040688
6261	0.373903
6270	0.662404
6279	1.286093
6288	0.967665
6297	1.108923
6306	1.466856
6315	1.264546
6324	1.651209
6334	1.663180
6342	1.361511
6351	1.754160
6360	1.788876
6369	1.428549
6378	2.107305
6387	1.764934
6396	1.333978
6405	2.063012
6414	1.743386
6423	1.373482
6432	1.723035
6441	1.575792
6450	1.274122
6458	1.374679
6468	1.181946
6477	1.034702
6486	1.167581
6495	0.621703
6504	0.747398
6513	1.027520
6522	0.329610
6531	0.419392
6539	0.464882
6549	-0.061842
6558	0.111738
6567	0.142862
6576	-0.335978
6584	-0.107332
6594	0.013575
6603	-0.454491
6612	-0.471250
6620	-0.564624
6629	-0.818410
6639	-0.675955
6648	-0.808833
6657	-0.953682
6665	-0.805242
6675	-1.068604
6684	-1.304433
6693	-1.072195
6701	-1.324783
6710	-1.519911
6720	-1.237395
6729	-1.359499
6738	-1.614482
6746	-1.369076
6755	-1.567795
6765	-1.668351
6774	-1.517517
6783	-1.637227
6791	-1.535473
6800	-1.274505
6810	-1.495969
6819	-1.394215
6828	-1.061421
6836	-1.314010
6846	-1.126065
6855	-0.842352
6864	-1.059027
6873	-0.722642
6881	-0.549062
6891	-0.695108
6900	-0.367103
6909	-0.283306
6917	-0.340767
6926	0.159622
6936	0.055474
6945	-0.083390
6954	0.497204
6962	0.193141
6971	0.060262
6981	0.979636
6990	0.977241
6998	0.446926
7007	1.078995
7017	1.318415
7026	0.857531
7034	1.287291
7043	1.381862
7052	1.375876
7062	1.842745
7071	1.690714
7079	1.501572
7088	2.000763
7097	1.598537
7107	1.557835
7116	2.223423
7124	1.596143
7133	1.627267
7142	2.065406
7152	1.502769
7160	1.481221
7169	1.707473
7178	1.429746
7188	1.347146
7197	1.374679
7205	1.201099
7214	1.214267
7223	1.014352
7233	0.560650
7241	0.868305
7250	0.676769
7259	0.260178
7268	0.537905
7278	0.321230
7286	0.007590
7295	0.203914
7304	-0.006775
7313	-0.222254
7322	-0.154019
7331	-0.367103
7340	-0.510755
7349	-0.405410
7359	-0.539485
7367	-0.614903
7376	-0.677152
7385	-1.111699
7394	-1.031494
7403	-0.997975
7412	-1.334360
7421	-1.094940
7430	-1.102123
7439	-1.472027
7448	-1.428931
7457	-1.404989
7466	-1.674337
7475	-1.482801
7484	-1.583357
7493	-1.636030
7502	-1.572583
7511	-1.504349
7520	-1.559415
7530	-1.378653
7538	-1.394215
7547	-1.467238
7556	-1.317601
7565	-1.312812
7575	-1.258943
7583	-0.999172
7592	-0.969244
7601	-0.836366
7610	-0.665181
7619	-0.702291
7628	-0.497587
7637	-0.253378
7646	-0.297671
7656	-0.037900
7664	0.140468
7673	-0.120500
7682	0.247010
7691	0.564242
7700	0.060262
7709	0.584592
7718	1.022731
7727	0.418195
7736	0.721062
7745	1.365102
7754	1.134062
7763	1.229830
7772	1.556638
7780	1.155610
7790	1.647618
7799	1.845140
7808	1.379467
7817	1.737401
7825	2.088151
7835	1.501572
7844	1.888235
7853	2.035479
7861	1.410592
7871	2.029493
7880	2.094137
7889	1.344751
7898	1.715853
7906	1.767328
7916	1.284896
7925	1.353131
7934	1.282502
7942	1.037096
7951	1.208282
7961	0.822815
7970	0.730639
7979	0.931752
7987	0.448123
7996	0.394253
8006	0.507978
8015	0.015970
8023	0.048291
8032	0.104555
8042	-0.236619
8051	-0.106135
8060	-0.083390
8068	-0.583778
8077	-0.346752
8087	-0.353935
8096	-0.889039
8104	-0.813621
8113	-0.714262
8122	-0.996778
8132	-0.999172
8141	-1.178737
8149	-1.331966
8158	-1.274505
8168	-1.469633
8177	-1.541459
8186	-1.279294
8194	-1.425340
8203	-1.561809
8213	-1.634832
8222	-1.607299
8231	-1.700673
8239	-1.466041
8248	-1.735389
8258	-1.626453
8267	-1.436114
8275	-1.444493
8284	-1.391821
8293	-1.226621
8303	-1.203876
8312	-1.081772
8320	-0.941711
8329	-0.984807
8339	-0.856717
8348	-0.589764
8357	-0.577793
8365	-0.430549
8374	-0.198312
8384	-0.211480
8393	-0.054659
8402	0.050685
8410	0.099767
8419	0.399042
8429	0.231448
8438	0.214688
8446	0.916189
8455	0.858728
8464	0.694726
8474	1.163989
8482	1.191523
8491	1.098149
8500	1.434534
8510	1.283699
8519	1.357920
8527	1.919360
8536	1.743386
8545	1.562624
8555	1.906192
8563	1.834366
8572	1.836760
8581	2.098925
8590	1.700290
8600	1.794861
8608	2.207861
8617	1.436928
8626	1.554244
8635	1.887038
8644	1.456082
8653	1.259757
8662	1.390241
8671	1.326795
8681	1.168778
8689	0.910204
8698	0.699514
8707	0.812042
8716	0.582198
8725	0.298485
8734	0.462488
8743	0.314048
8752	0.144059
8761	0.074628
8770	-0.061842
8779	-0.084587
8788	-0.161201
8797	-0.505967
8805	-0.432943
8815	-0.393439
8824	-0.731021
8833	-0.800453
8842	-0.677152
8851	-0.963259
8860	-1.041071
8869	-1.116488
8878	-1.205073
8887	-1.128459
8896	-1.291265
8905	-1.516320
8914	-1.426537
8923	-1.503151
8932	-1.643212
8941	-1.542656
8950	-1.558218
8959	-1.730601
8968	-1.620467
8976	-1.619270
8986	-1.685111
8995	-1.518714
9004	-1.577372
9013	-1.324783
9022	-1.314010
9031	-1.387033
9040	-1.096137
9049	-0.939317
9058	-1.078181
9067	-0.818410
9076	-0.589764
9085	-0.541880
9094	-0.501178
9103	-0.320416
9112	-0.234225
9121	-0.075010
9130	0.126103
9139	0.144059
9147	0.328413
9157	0.327216
9166	0.211097
9175	0.905415
9184	0.925766
9193	0.463685
9202	1.075404
9211	1.167581
9220	0.910204
9228	1.420169
9238	1.502769
9247	1.300459
9256	1.799650
9265	2.042661
9273	1.453688
9283	1.961258
9292	1.845140
9301	1.661983
9309	2.219832
9318	1.782890
9328	1.511148
9337	2.292855
9346	1.768525
9354	1.360314
9364	1.992383
9373	1.689517
9382	1.247786
9390	1.442914
9399	1.256166
9409	1.089769
9418	0.994001
9427	0.716274
9435	0.876685
9444	0.828801
9454	0.426575
9463	0.559453
9471	0.359537
9480	0.053080
9489	0.048291
9499	-0.040294
9508	-0.244998
9516	-0.122894
9525	-0.307248
9535	-0.608917
9544	-0.280911
9552	-0.412593
9561	-1.066210
9570	-0.933331
9580	-0.739401
9589	-1.127262
9597	-1.085363
9606	-1.037479
9615	-0.969244
9625	-1.128459
9634	-1.579766
9642	-1.576175
9651	-1.382244
9660	-1.771302
9670	-1.638424
9678	-1.385836
9687	-1.583357
9696	-1.869464
9706	-1.452873
9715	-1.591737
9723	-1.675534
9732	-1.492378
9741	-1.509137
9751	-1.393018
9760	-1.242184
9768	-1.467238
9777	-1.092546
9786	-0.909389
9796	-0.962062
9805	-0.716656
9813	-0.595749
9822	-0.622085
9832	-0.429352
9841	-0.122894
9850	-0.163596
9858	-0.069025
9867	0.159622
9877	0.085401
9886	0.309259
9894	0.315245
9903	0.416998
9912	0.922175
9922	0.771340
9930	0.688740
9939	1.209479
9948	1.118499
9957	1.299262
9967	1.726627
9975	1.293276
9984	1.465659
9993	1.979215
10003	1.533893
10012	1.487206
10020	2.036676
10029	1.920557
10038	1.934922
10048	1.919360
10057	1.802044
10066	1.998369
10074	1.879856
10083	1.444111
10093	1.660786
10102	1.818803
10111	1.457279
10120	1.228633
10128	1.275320
10138	1.339963
10147	0.979636
10156	0.747398
10165	1.068221
10175	0.800071
10183	0.440940
10192	0.482839
10201	0.268558
10210	0.160819
10220	0.157227
10228	-0.161201
10237	-0.072616
10246	0.041109
10255	-0.493996
10265	-0.370694
10274	-0.277320
10282	-0.594552
10291	-0.885447
10300	-1.100926
10310	-0.893827
10319	-0.889039
10328	-1.201482
10337	-1.114094
10346	-1.045859
10355	-1.308024
10364	-1.622861
10373	-1.656380
10382	-1.519911
10392	-1.489983
10400	-1.656380
10409	-1.584554
10418	-1.553430
10427	-1.669548
10437	-1.591737
10446	-1.454070
10454	-1.740178
10463	-1.524699
10473	-1.333163
10482	-1.525896
10491	-1.161978
10500	-1.257746
10509	-1.124868
10518	-0.776511
10527	-0.892630
10536	-0.814818
10545	-0.537091
10554	-0.596946
10564	-0.479630
10572	-0.120500
10581	-0.169581
10590	-0.092967
10600	0.184761
10609	0.115329
10618	0.282923
10626	0.348764
10635	0.387071
10645	0.862320
10654	0.764158
10663	0.615717
10672	1.198705
10680	1.228633
10690	1.165186
10699	1.621282
10708	1.398621
10717	1.446505
10726	2.039070
10735	1.582975
10744	1.505163
10753	2.114487
10762	2.019916
10772	1.769722
10781	1.964850
10789	1.902601
10798	1.882250
10807	1.871476
10817	1.557835
10826	1.711064
10834	1.745780
10843	1.395030
10852	1.235815
10862	1.344751
10871	1.160398
10880	0.906613
10888	0.804859
10897	0.955694
10907	0.765355
10916	0.397845
10925	0.537905
10934	0.323624
10943	0.091387
10952	0.093781
10961	-0.146836
10970	-0.036703
10979	0.003999
10989	-0.361117
10997	-0.300065
11006	-0.411395
11015	-0.619691
11024	-0.727430
11034	-1.189511
11043	-0.898615
11051	-0.655604
11060	-1.146415
11070	-1.151204
11079	-1.111699
11088	-1.481604
11097	-1.591737
11106	-1.750951
11115	-1.535473
11124	-1.395412
11133	-1.681519
11142	-1.747360
11151	-1.467238
11161	-1.642015
11169	-1.517517
11178	-1.492378
11187	-1.790456
11196	-1.292462
11206	-1.342740
11215	-1.656380
11223	-1.130853
11232	-1.067407
11242	-1.258943
11251	-0.771723
11260	-0.813621
11269	-0.875871
11278	-0.523923
11287	-0.444914
11296	-0.434140
11305	-0.118106
11314	-0.124091
11323	-0.194720
11332	0.183564
11341	0.191943
11350	0.243419
11359	0.296091
11369	0.401436
11378	0.891050
11386	0.796479
11395	0.639659
11404	1.298064
11414	1.278911
11423	1.171172
11432	1.651209
11440	1.484812
11449	1.453688
11459	2.049844
11468	1.620085
11477	1.476433
11486	2.095334
11494	1.914571
11504	1.818803
11513	2.036676
11522	1.781693
11531	1.907389
11541	1.912177
11549	1.579383
11558	1.620085
11567	1.804438
11576	1.318415
11586	1.257363
11595	1.330386
11603	1.057447
11612	0.961679
11621	0.841969
11631	0.931752
11640	0.777326
11649	0.347566
11657	0.473262
11667	0.298485
11676	-0.018746
11685	0.120117
11694	-0.046280
11702	-0.218662
11712	-0.025929
11721	-0.227042
11730	-0.504769
11739	-0.442520
11748	-0.517938
11758	-0.770526
11766	-1.036282
11775	-0.948894
11784	-0.899813
11793	-1.190708
11803	-1.172752
11812	-1.070998
11820	-1.252957
11829	-1.482801
11839	-1.613285
11848	-1.489983
11857	-1.498363
11866	-1.592934
11875	-1.591737
11884	-1.667154
11893	-1.659972
11902	-1.627650
11911	-1.418157
11920	-1.637227
11930	-1.428931
11938	-1.287673
11947	-1.495969
11956	-1.191905
11966	-1.111699
11975	-1.183525
11984	-0.871082
11992	-0.816016
12001	-0.859111
12011	-0.573004
12020	-0.429352
12029	-0.452097
12038	-0.165990
12046	-0.094164
12056	-0.072616
12065	0.118920
12074	0.272149
12083	0.323624
12092	0.078219
12101	0.446926
12110	0.864714
12119	0.557059
12128	0.758172
12138	1.286093
12147	1.174763
12155	1.180749
12164	1.513543
12173	1.477630
12183	1.514740
12192	2.042661
12201	1.478827
12209	1.599734
12218	1.992383
12228	1.809227
12237	1.901403
12246	2.009142
12254	1.818803
12264	1.877461
12273	1.884644
12282	1.571004
12291	1.647618
12300	1.708670
12309	1.393833
12318	1.195114
12327	1.258560
12336	1.131667
12345	0.867108
12355	0.790494
12363	0.950905
12372	0.721062
12381	0.361932
12390	0.567833
12400	0.367917
12409	-0.025929
12417	0.088993
12426	-0.079799
12436	-0.201903
12445	-0.100149
12454	-0.308445
12463	-0.430549
12471	-0.440126
12481	-0.580187
12490	-0.594552
12499	-1.042268
12508	-1.084166
12517	-0.778905
12526	-1.144021
12535	-1.240986
12544	-1.024311
12553	-1.231410
12563	-1.401398
12572	-1.572583
12581	-1.523502
12589	-1.394215
12598	-1.547444
12608	-1.680322
12617	-1.489983
12626	-1.649198
12635	-1.597722
12643	-1.385836
12653	-1.613285
12662	-1.315207
12671	-1.306827
12680	-1.551035
12689	-1.116488
12699	-1.133247
12707	-1.367879
12716	-0.879462
12725	-0.728627
12735	-0.789679
12744	-0.559836
12753	-0.510755
12761	-0.428155
12770	-0.154019
12780	-0.150427
12789	-0.063039
12798	0.144059
12807	0.115329
12815	0.212294
12825	0.249404
12834	0.448123
12843	0.876685
12852	0.731836
12860	0.722259
12870	1.277714
12879	1.117302
12888	1.138850
12897	1.586566
12907	1.466856
12915	1.517134
12924	1.961258
12933	1.448899
12942	1.497980
12952	1.972032
12961	1.822395
12969	1.890629
12978	1.958864
12987	1.726627
12997	1.925345
13006	1.797256
13015	1.511148
13023	1.707473
13033	1.562624
13042	1.332780
13051	1.211873
13060	1.257363
13069	1.120894
13078	0.929357
13087	0.829998
13096	0.875488
13105	0.689937
13114	0.355946
13124	0.594169
13132	0.353552
13141	-0.066630
13150	0.173987
13160	-0.003184
13169	-0.222254
13178	0.078219
13186	-0.228239
13195	-0.531106
13205	-0.452097
13214	-0.522726
13223	-0.686729
13232	-1.017129
13240	-1.003960
13250	-0.673561
13259	-1.139233
13268	-1.346331
13277	-1.031494
13286	-1.279294
13295	-1.557021
13304	-1.534276
13313	-1.468436
13322	-1.361894
13332	-1.608496
13341	-1.559415
13350	-1.501954
13358	-1.559415
13367	-1.680322
13377	-1.321192
13386	-1.451676
13395	-1.463647
13404	-1.248169
13412	-1.507940
13422	-1.215847
13431	-1.087757
13440	-1.306827
13449	-0.759752
13459	-0.689123
13468	-0.952485
13476	-0.501178
13485	-0.413790
13494	-0.511952
13504	-0.115712
13513	-0.101346
13522	-0.174369
13530	0.182366
13539	0.079416
13549	0.183564
13558	0.299682
13567	0.336793
13576	0.873094
13584	0.783311
13594	0.547482
13603	1.181946
13612	1.268137
13621	1.011957
13630	1.399818
13639	1.565018
13648	1.405804
13657	1.677546
13666	1.568609
13676	1.526711
13684	2.074983
13693	1.793664
13702	1.825986
13711	2.045055
13721	1.550653
13730	1.712261
13738	1.914571
13747	1.470447
13756	1.538682
13766	1.678743
13775	1.343554
13784	1.238209
13792	1.171172
13802	1.043082
13811	1.141244
13820	0.818027
13829	0.765355
13838	0.699514
13847	0.365523
13856	0.384677
13865	0.364326
13874	0.060262
13883	0.147651
13893	0.114132
13901	-0.181552
13910	0.001604
13919	-0.211480
13929	-0.493996
13938	-0.355132
13947	-0.661590
13955	-0.701094
13964	-0.774117
13974	-0.987201
13983	-0.716656
13992	-0.873476
14001	-1.425340
14009	-1.142824
14019	-1.158386
14028	-1.479209
14037	-1.419354
14046	-1.353514
14056	-1.381047
14065	-1.555824
14073	-1.650395
14082	-1.470830
14091	-1.558218
14101	-1.586948
14110	-1.460056
14119	-1.415763
14127	-1.503151
14136	-1.367879
14146	-1.387033
14155	-1.194299
14164	-1.012340
14173	-1.151204
14181	-0.824395
14191	-0.693911
14200	-0.891433
14209	-0.648421
14218	-0.386256
14228	-0.441323
14237	-0.246196
14245	-0.109726
14254	-0.145639
14263	0.005196
14273	0.132088
14282	0.312851
14290	0.273346
14299	0.160819
14308	0.819224
14318	0.893444
14327	0.531920
14336	1.065827
14344	1.319612
14353	0.871897
14363	1.227436
14372	1.420169
14381	1.398621
14390	1.719444
14399	1.640435
14408	1.617690
14417	2.076180
14426	1.731415
14435	1.652406
14445	2.027099
14453	1.700290
14462	1.644027
14471	1.961258
14480	1.630858
14490	1.518331
14499	1.666772
14507	1.426154
14516	1.166383
14526	1.246589
14535	1.178354
14544	1.056250
14553	0.864714
14561	0.693529
14571	0.673178
14580	0.405027
14589	0.361932
14598	0.466079
14607	0.120117
14616	0.105752
14625	0.199126
14634	-0.107332
14643	-0.150427
14652	-0.115712
14662	-0.416184
14670	-0.442520
14679	-0.614903
14688	-0.619691
14698	-0.692714
14707	-0.969244
14716	-0.760949
14724	-0.813621
14733	-1.383441
14743	-1.173949
14752	-1.120079
14761	-1.385836
14770	-1.336754
14778	-1.340346
14788	-1.401398
14797	-1.439705
14806	-1.594131
14815	-1.541459
14825	-1.470830
14834	-1.596525
14842	-1.558218
14851	-1.426537
14860	-1.499560
14870	-1.448085
14879	-1.224227
14888	-1.203876
14896	-1.035085
14905	-1.062618
14915	-1.018326
14924	-0.795665
14933	-0.782497
14942	-0.750175
14950	-0.403016
14960	-0.350343
14969	-0.422169
14978	-0.113317
14987	-0.047477
14997	-0.053462