0	-0.288776
9	-0.066115
18	-0.033793
27	-0.266031
36	-0.214556
45	-0.141532
54	-0.031399
63	0.397163
72	0.503705
81	0.263088
90	0.617430
99	0.791009
108	0.415120
117	0.496522
126	0.648554
135	0.313366
144	0.703621
153	0.946632
162	0.518070
171	0.646160
180	0.617430
189	0.246328
198	0.284636
207	0.315760
216	0.090705
225	0.172108
234	0.210415
244	-0.055341
252	0.063172
261	0.100282
270	-0.357010
280	-0.143927
289	-0.291170
297	-0.225329
306	0.033244
315	-0.161883
325	-0.373770
334	0.070355
343	-0.048158
351	-0.218147
360	-0.256454
370	-0.372573
379	-0.096043
388	-0.193008
397	-0.553335
405	-0.627555
415	-0.288776
424	-0.294761
433	-0.462355
442	-0.430034
452	-0.467144
460	-0.214556
469	-0.486297
478	-0.770010
487	-0.365390
497	-0.443202
506	-0.682622
514	-0.368981
523	-0.094845
532	0.168517
542	0.132604
551	-0.023019
559	0.161334
568	0.549195
578	0.267876
587	0.124224
596	0.577925
605	0.445047
613	0.660525
623	1.063948
632	0.831711
641	0.536027
650	0.731154
658	0.439062
668	0.186473
677	0.634189
686	0.593488
695	0.339702
705	0.405543
713	0.257102
722	0.058383
731	0.240343
740	-0.190614
750	-0.242089
758	-0.151109
767	0.045215
776	-0.087663
785	-0.125970
795	-0.145124
804	-0.279199
812	-0.100831
821	-0.307929
830	-0.291170
840	0.026062
849	-0.307929
858	-0.437216
866	-0.236103
876	-0.032596
885	-0.073298
894	-0.359405
903	-0.331871
911	-0.104422
921	-0.378558
930	-0.644315
939	-0.647906
948	-0.505451
957	-0.483903
966	-0.438413
975	-0.596431
984	-0.312718
993	-0.055341
1002	-0.262439
1012	-0.289973
1021	-0.323492
1029	-0.501860
1038	-0.264834
1048	0.053595
1057	0.219992
1066	0.495325
1075	0.437864
1084	0.272665
1094	0.767067
1102	0.861638
1111	0.549195
1120	0.459412
1129	0.443850
1139	0.545604
1148	0.860441
1157	0.671299
1165	0.539618
1175	0.731154
1184	0.528844
1193	0.301395
1202	0.234357
1211	0.217598
1221	0.084720
1230	0.150560
1238	-0.091254
1247	-0.001472
1256	0.109859
1266	0.018879
1275	-0.358208
1284	-0.237300
1293	-0.337857
1303	-0.304338
1311	-0.068509
1320	-0.251666
1329	-0.315112
1338	-0.017034
1348	-0.175051
1357	-0.437216
1366	-0.233709
1375	0.002120
1383	-0.191811
1393	-0.410880
1402	-0.434822
1411	-0.343842
1420	-0.401303
1429	-0.489889
1439	-0.550941
1448	-0.401303
1456	-0.245680
1465	-0.457567
1475	-0.482706
1484	-0.243286
1493	-0.272016
1502	-0.352222
1511	-0.509042
1521	-0.550941
1529	-0.278002
1538	-0.049356
1547	0.129012
1556	0.387586
1566	0.449835
1575	0.243934
1584	0.458215
1593	0.794601
1602	0.310972
1611	0.327731
1620	0.673693
1629	0.565954
1638	0.740731
1648	0.860441
1657	0.762279
1665	0.655737
1674	0.547998
1683	0.202036
1693	0.324140
1702	0.392375
1711	0.191262
1720	0.144575
1730	0.164925
1738	0.102676
1747	0.039230
1756	0.138589
1765	-0.307929
1775	-0.193008
1784	-0.346237
1793	-0.216950
1802	-0.218147
1810	-0.113999
1820	-0.240892
1829	-0.097240
1838	-0.152306
1847	-0.099634
1857	-0.324689
1866	-0.351025
1875	-0.148715
1884	-0.188219
1892	-0.463552
1902	-0.591642
1911	-0.267228
1920	-0.232512
1929	-0.301944
1938	-0.452779
1948	-0.461158
1957	-0.225329
1965	-0.396515
1974	-0.628752
1983	-0.333068
1993	-0.430034
2002	-0.561715
2011	-0.276805
2020	-0.288776
2030	0.071552
2038	0.282241
2047	0.029653
2056	0.167320
2065	0.451033
2075	0.209218
2084	0.277453
2093	0.665314
2102	0.252314
2110	0.368433
2120	1.002896
2129	0.808966
2138	0.688059
2147	0.859244
2157	0.437864
2166	0.376812
2175	0.428288
2183	0.366038
2192	0.391178
2202	0.537224
2211	0.082326
2220	0.221189
2229	0.246328
2238	0.126618
2248	-0.190614
2256	-0.064918
2265	-0.334266
2274	-0.167868
2284	0.000923
2293	-0.385741
2302	-0.106816
2311	-0.102028
2320	-0.250468
2329	-0.054144
2338	-0.085269
2347	-0.303141
2356	-0.270819
2365	-0.383347
2375	-0.304338
2384	-0.179839
2393	-0.272016
2401	-0.433625
2410	-0.269622
2420	-0.097240
2429	-0.388135
2438	-0.471932
2447	-0.679031
2457	-0.400106
2466	-0.506648
2474	-0.868173
2483	-0.462355
2492	-0.257651
2502	-0.482706
2511	-0.238497
2520	0.160137
2529	0.009302
2538	-0.074495
2547	-0.164277
2556	0.035639
2565	0.478566
2574	0.270270
2584	0.249920
2593	0.576728
2602	0.556377
2610	0.677285
2619	1.084299
2629	0.783827
2638	0.425893
2647	0.751505
2656	0.422302
2665	0.308578
2675	0.717986
2683	0.642569
2692	0.351673
2701	0.550392
2711	0.148166
2720	0.090705
2729	0.271467
2738	-0.123576
2747	-0.274410
2756	-0.098437
2765	-0.049356
2774	-0.176248
2783	0.091902
2792	-0.348631
2802	-0.222935
2811	-0.034990
2820	-0.409683
2828	-0.239695
2837	-0.109211
2847	-0.376164
2856	-0.336660
2865	-0.159489
2874	-0.193008
2884	-0.076889
2893	-0.242089
2901	-0.404894
2910	-0.250468
2919	-0.359405
2929	-0.651497
2938	-0.607205
2947	-0.584460
2956	-0.564109
2965	-0.463552
2975	-0.714944
2983	-0.451582
2992	-0.024216
3001	-0.287579
3011	-0.261242
3020	-0.074495
3029	-0.396515
3038	-0.434822
3047	-0.001472
3057	0.168517
3065	0.455821
3074	0.394769
3083	0.309775
3092	0.786221
3102	0.717986
3111	0.658131
3120	0.683270
3128	0.405543
3138	0.466595
3147	0.671299
3156	0.684467
3165	0.617430
3174	0.789812
3184	0.547998
3193	0.252314
3201	0.307381
3210	0.166123
3219	0.071552
3229	0.142181
3238	-0.151109
3247	-0.037385
3256	0.127815
3266	-0.066115
3274	-0.141532
3283	-0.266031
3292	-0.251666
3301	-0.367784
3311	-0.078086
3320	-0.262439
3329	-0.295958
3338	-0.115196
3346	-0.201387
3356	-0.358208
3365	-0.141532
3374	-0.080480
3383	-0.142729
3393	-0.372573
3402	-0.480312
3411	-0.341448
3419	-0.349828
3428	-0.580868
3438	-0.524605
3447	-0.392923
3456	-0.273213
3465	-0.386938
3474	-0.463552
3484	-0.289973
3492	-0.139138
3501	-0.295958
3510	-0.510239
3519	-0.538970
3529	-0.307929
3538	-0.096043
3547	0.112253
3556	0.373221
3565	0.372024
3574	0.336111
3583	0.473778
3592	0.691650
3601	0.448638
3611	0.362447
3620	0.604261
3629	0.556377
3637	0.603064
3646	0.889171
3656	0.788615
3665	0.551589
3674	0.577925
3683	0.294212
3693	0.240343
3702	0.308578
3710	0.289424
3719	0.173305
3728	0.088311
3738	0.126618
3747	-0.011048
3756	0.136195
3765	-0.281593
3773	-0.194205
3783	-0.311521
3792	-0.395318
3801	-0.078086
3810	-0.226526
3820	-0.208570
3829	-0.149912
3838	-0.092451
3847	-0.140335
3855	-0.246877
3865	-0.439611
3874	-0.194205
3883	-0.148715
3892	-0.397712
3901	-0.632344
3911	-0.347434
3920	-0.366587
3928	-0.325886
3937	-0.413274
3946	-0.479115
3956	-0.198993
3965	-0.382150
3974	-0.592839
3983	-0.222935
3993	-0.415668
4002	-0.667059
4010	-0.391726
4019	-0.325886
4028	-0.063721
4038	0.287030
4047	0.085917
4056	0.193656
4065	0.477369
4074	0.334914
4083	0.342096
4092	0.659328
4101	0.278650
4110	0.410331
4120	0.840090
4129	0.746716
4138	0.773053
4146	0.963392
4155	0.500114
4165	0.370827
4174	0.524056
4183	0.321746
4192	0.357659
4201	0.522859
4211	0.175699
4219	0.150560
4228	0.314563
4237	-0.001472
4247	0.026062
4256	-0.123576
4265	-0.225329
4274	-0.313915
4283	-0.058932
4292	-0.327083
4301	-0.115196
4310	-0.056538
4319	-0.336660
4328	-0.108014
4338	-0.206176
4347	-0.281593
4356	-0.311521
4364	-0.330674
4373	-0.179839
4383	-0.215753
4392	-0.452779
4401	-0.392923
4410	-0.212161
4420	-0.268425
4429	-0.322295
4438	-0.422851
4446	-0.596431
4455	-0.299550
4465	-0.524605
4474	-0.852610
4483	-0.371376
4492	-0.340251
4501	-0.620373
4511	-0.281593
4519	0.075143
4528	0.178094
4537	0.016485
4547	-0.125970
4556	0.003317
4565	0.536027
4574	0.124224
4583	0.167320
4592	0.664117
4601	0.435470
4610	0.680876
4619	1.086693
4628	0.820937
4638	0.571940
4647	0.765870
4656	0.380404
4664	0.168517
4674	0.706015
4683	0.598276
4692	0.361250
4701	0.449835
4710	0.242737
4720	0.114647
4728	0.290621
4737	-0.173854
4746	-0.286381
4755	-0.068509
4765	-0.158292
4774	-0.124773
4783	-0.094845
4792	-0.112802
4801	-0.323492
4810	0.000923
4819	-0.413274
4828	-0.300747
4837	-0.121182
4847	-0.305535
4856	-0.475523
4865	-0.251666
4874	-0.111605
4882	-0.096043
4892	-0.348631
4901	-0.418063
4910	-0.052947
4919	-0.193008
4929	-0.675439
4938	-0.662271
4947	-0.548547
4955	-0.471932
4964	-0.549744
4974	-0.810712
4983	-0.427639
4992	-0.172657
5001	-0.272016
5010	-0.117590
5020	0.127815
5028	-0.143927
5037	-0.370179
5046	-0.208570
5055	0.301395
5065	0.464201
5074	0.140983
5083	0.236752
5092	0.855653
5102	0.714395
5110	0.715592
5119	0.886777
5128	0.506099
5137	0.468989
5147	0.607853
5156	0.449835
5165	0.575531
5173	0.791009
5182	0.629401
5192	0.358856
5201	0.316957
5210	0.173305
5219	0.102676
5229	0.011697
5238	-0.139138
5246	-0.224132
5255	0.142181
5264	-0.098437
5274	-0.148715
5283	-0.084072
5292	-0.385741
5301	-0.236103
5310	-0.266031
5319	-0.230118
5328	-0.242089
5337	-0.102028
5346	-0.303141
5356	-0.433625
5365	-0.105619
5374	-0.105619
5383	-0.278002
5391	-0.269622
5401	-0.404894
5410	-0.304338
5419	-0.402500
5428	-0.623964
5437	-0.688607
5447	-0.475523
5456	-0.403697
5464	-0.667059
5473	-0.494677
5482	-0.268425
5492	-0.221738
5501	-0.164277
5510	-0.200190
5519	-0.359405
5529	-0.359405
5537	-0.289973
5546	0.064369
5555	0.320549
5564	0.336111
5574	0.320549
5583	0.616232
5592	0.691650
5601	0.482157
5609	0.668905
5619	0.619824
5628	0.398360
5637	0.473778
5646	0.686861
5656	0.634189
5665	0.824528
5673	0.644963
5682	0.457018
5691	0.307381
5701	0.255905
5710	0.085917
5719	0.130210
5728	0.200839
5737	-0.190614
5746	0.057186
5755	-0.024216
5764	-0.029005
5773	-0.139138
5783	-0.341448
5792	-0.304338
5801	-0.234906
5810	-0.060129
5818	-0.362996
5828	-0.212161
5837	-0.111605
5846	-0.159489
5855	-0.318703
5864	-0.327083
5874	-0.142729
5883	-0.109211
5891	-0.416865
5900	-0.523407
5909	-0.360602
5919	-0.457567
5928	-0.553335
5937	-0.526999
5946	-0.437216
5956	-0.216950
5965	-0.392923
5973	-0.476721
5982	-0.181037
5991	-0.283987
6001	-0.316309
6010	-0.390529
6019	-0.503057
6028	-0.224132
6037	0.051201
6046	0.096691
6055	0.372024
6064	0.477369
6073	0.234357
6083	0.583911
6092	0.744322
6101	0.452230
6110	0.405543
6118	0.686861
6128	0.416317
6137	0.629401
6146	0.935858
6155	0.576728
6164	0.623415
6174	0.561166
6183	0.275059
6191	0.272665
6200	0.339702
6210	0.158940
6219	0.172108
6228	0.102676
6237	-0.029005
6246	0.082326
6255	0.011697
6264	-0.169066
6273	-0.341448
6282	-0.185825
6291	-0.439611
6301	-0.086466
6310	-0.127167
6319	-0.401303
6328	-0.093648
6337	-0.106816
6346	-0.263637
6355	-0.303141
6364	-0.251666
6373	-0.051750
6383	-0.230118
6392	-0.570094
6401	-0.436019
6409	-0.424048
6418	-0.523407
6428	-0.549744
6437	-0.506648
6446	-0.343842
6455	-0.155897
6465	-0.491086
6474	-0.558123
6482	-0.098437
6491	-0.227724
6500	-0.615584
6510	-0.526999
6519	-0.339054
6528	-0.051750
6537	0.150560
6546	0.039230
6555	0.429485
6564	0.492931
6573	0.206824
6582	0.506099
6591	0.580319
6601	0.303789
6610	0.508493
6618	0.714395
6627	0.459412
6637	0.814951
6646	0.908325
6655	0.576728
6664	0.445047
6673	0.571940
6683	0.170911
6691	0.257102
6700	0.297804
6709	0.199641
6718	0.084720
6728	0.166123
6737	-0.038582
6746	0.039230
6754	0.027259
6764	-0.404894
6773	-0.242089
6782	-0.347434
6791	-0.279199
6800	0.009302
6810	-0.283987
6819	-0.276805
6828	-0.143927
6836	-0.108014
6845	-0.313915
6855	-0.317506
6864	-0.209767
6873	-0.182234
6882	-0.295958
6892	-0.576080
6901	-0.504254
6909	-0.323492
6918	-0.458764
6927	-0.497071
6937	-0.362996
6946	-0.309126
6955	-0.341448
6964	-0.499465
6973	-0.498268
6982	-0.176248
6991	-0.346237
7000	-0.796346
7009	-0.458764
7018	-0.129561
7028	-0.000274
7037	0.139786
7046	0.168517
7054	0.430682
7064	0.464201
7073	0.263088
7082	0.488143
7091	0.470186
7100	0.381601
7110	0.561166
7119	0.824528
7127	0.702424
7136	0.971772
7145	0.755096
7155	0.531238
7164	0.485749
7173	0.500114
7182	0.194853
7191	0.369630
7200	0.392375
7209	0.170911
7218	0.161334
7227	0.139786
7237	-0.068509
7246	0.029653
7255	-0.163080
7263	-0.385741
7272	-0.283987
7282	-0.289973
7291	-0.100831
7300	-0.207373
7309	-0.194205
7319	-0.233709
7328	-0.175051
7336	-0.044567
7345	-0.361799
7354	-0.426442
7364	-0.112802
7373	-0.163080
7382	-0.400106
7391	-0.553335
7400	-0.483903
7410	-0.273213
7418	-0.433625
7427	-0.483903
7436	-0.465947
7445	-0.250468
7455	-0.358208
7464	-0.626358
7473	-0.377361
7482	-0.408486
7491	-0.580868
7500	-0.542561
7509	-0.281593
7518	-0.118787
7527	0.163728
7537	0.041624
7546	0.175699
7555	0.421105
7563	0.307381
7572	0.343294
7582	0.531238
7591	0.399557
7600	0.409134
7609	0.792206
7619	0.834105
7628	0.684467
7636	0.885580
7645	0.674890
7654	0.447441
7664	0.485749
7673	0.291818
7682	0.289424
7691	0.465398
7699	0.337308
7709	0.076340
7718	0.223583
7727	0.095494
7736	0.003317
7746	-0.110408
7755	-0.317506
7764	-0.185825
7772	-0.279199
7781	-0.216950
7791	-0.096043
7800	-0.193008
7809	-0.238497
7818	-0.274410
7827	-0.102028
7837	-0.176248
7845	-0.378558
7854	-0.351025
7863	-0.124773
7873	-0.167868
7882	-0.443202
7891	-0.559321
7900	-0.371376
7909	-0.333068
7919	-0.316309
7927	-0.430034
7936	-0.458764
7945	-0.276805
7954	-0.408486
7964	-0.693396
7973	-0.347434
7982	-0.477918
7991	-0.577277
7999	-0.357010
8009	-0.252863
8018	-0.096043
8027	0.283439
8036	0.064369
8046	0.148166
8055	0.552786
8064	0.321746
8072	0.115844
8081	0.585108
8091	0.471383
8100	0.442653
8109	0.919099
8118	0.799389
8127	0.712001
8136	0.958603
8145	0.486946
8154	0.346885
8163	0.582714
8173	0.273862
8182	0.310972
8191	0.491734
8200	0.258299
8208	0.079931
8218	0.276256
8227	-0.044567
8236	-0.046961
8245	-0.129561
8254	-0.157095
8264	-0.345039
8273	-0.236103
8281	-0.038582
8290	-0.232512
8300	-0.079283
8309	-0.286381
8318	-0.238497
8327	-0.003866
8336	-0.216950
8346	-0.463552
8354	-0.294761
8363	-0.090057
8372	-0.270819
8381	-0.554532
8391	-0.461158
8400	-0.289973
8409	-0.255257
8418	-0.335463
8426	-0.476721
8436	-0.420457
8445	-0.240892
8454	-0.482706
8463	-0.743674
8473	-0.440808
8482	-0.403697
8491	-0.473129
8500	-0.279199
8508	-0.147518
8518	0.022470
8527	0.164925
8536	0.041624
8545	0.230766
8554	0.556377
8564	0.192459
8572	0.249920
8581	0.628203
8590	0.425893
8600	0.506099
8609	1.012473
8618	0.787418
8627	0.737140
8636	0.783827
8645	0.454624
8654	0.433076
8663	0.476172
8672	0.313366
8681	0.351673
8691	0.473778
8700	0.105070
8708	0.209218
8717	0.164925
8727	-0.063721
8736	-0.173854
8745	-0.078086
8754	-0.262439
8763	-0.260045
8773	0.011697
8781	-0.278002
8790	-0.171460
8799	-0.080480
8808	-0.420457
8818	-0.069706
8827	-0.017034
8836	-0.418063
8845	-0.373770
8853	-0.207373
8863	-0.187022
8872	-0.349828
8881	-0.473129
8890	-0.397712
8900	-0.181037
8909	-0.238497
8918	-0.526999
8927	-0.390529
8935	-0.322295
8945	-0.416865
8954	-0.635935
8963	-0.638329
8972	-0.504254
8981	-0.424048
8991	-0.397712
9000	-0.310324
9008	0.131407
9017	0.174502
9027	-0.009851
9036	-0.005063
9045	0.349279
9054	0.431879
9063	0.140983
9073	0.446244
9081	0.568348
9090	0.417514
9099	0.717986
9108	0.915508
9118	0.771856
9127	0.741928
9136	0.564757
9144	0.378009
9154	0.472580
9163	0.441456
9172	0.439062
9181	0.466595
9190	0.363644
9200	0.166123
9209	0.225978
9217	0.084720
9226	-0.058932
9235	-0.190614
9245	-0.087663
9254	-0.333068
9263	-0.064918
9272	-0.155897
9282	-0.232512
9290	-0.085269
9299	-0.230118
9308	-0.341448
9317	-0.078086
9327	-0.193008
9336	-0.394121
9345	-0.293564
9354	-0.194205
9362	-0.323492
9372	-0.347434
9381	-0.317506
9390	-0.316309
9399	-0.246877
9409	-0.327083
9418	-0.528196
9427	-0.465947
9436	-0.306732
9444	-0.528196
9454	-0.688607
9463	-0.542561
9472	-0.345039
9481	-0.408486
9490	-0.388135
9500	-0.208570
9509	0.123027
9517	0.039230
9526	-0.155897
9535	0.096691
9545	0.391178
9554	0.154152
9563	0.276256
9572	0.466595
9581	0.403149
9590	0.468989
9599	0.915508
9608	0.856850
9617	0.642569
9627	0.615035
9636	0.486946
9645	0.441456
9653	0.434273
9662	0.543209
9672	0.577925
9681	0.539618
9690	0.124224
9699	0.186473
9709	0.131407
9718	0.155349
9726	-0.099634
9735	-0.108014
9744	-0.288776
9754	-0.042173
9763	0.076340
9772	-0.313915
9781	-0.188219
9790	-0.226526
9799	-0.336660
9808	-0.061327
9817	-0.256454
9826	-0.316309
9836	-0.187022
9845	-0.334266
9854	-0.334266
9863	-0.155897
9871	-0.234906
9881	-0.445596
9890	-0.303141
9899	-0.266031
9908	-0.402500
9917	-0.360602
9927	-0.583263
9936	-0.463552
9945	-0.410880
9953	-0.762828
9962	-0.515028
9972	-0.254060
9981	-0.440808
9990	-0.198993
9999	0.095494
10009	-0.106816
10018	-0.068509
10027	-0.078086
10035	0.014091
10044	0.357659
10054	0.294212
10063	0.181685
10072	0.567151
10081	0.549195
10090	0.580319
10100	1.050780
10109	0.791009
10118	0.501311
10127	0.725169
10137	0.482157
10145	0.296607
10154	0.497720
10163	0.546801
10172	0.530041
10182	0.556377
10191	0.143378
10200	0.222386
10209	0.181685
10218	0.100282
10228	-0.298352
10237	0.002120
10246	-0.278002
10255	-0.208570
10264	0.023668
10273	-0.243286
10282	-0.220541
10291	-0.057735
10300	-0.359405
10310	-0.177445
10319	-0.075692
10328	-0.245680
10337	-0.371376
10346	-0.297155
10356	-0.244483
10365	-0.220541
10374	-0.530590
10382	-0.507845
10392	-0.239695
10401	-0.208570
10410	-0.361799
10419	-0.483903
10428	-0.463552
10438	-0.258848
10447	-0.428837
10456	-0.901691
10465	-0.473129
10474	-0.419260
10484	-0.604810
10493	-0.358208
10502	-0.064918
10510	0.099085
10520	0.138589
10529	0.004514
10538	0.194853
10547	0.564757
10556	0.270270
10566	0.278650
10575	0.534830
10584	0.459412
10593	0.518070
10602	0.873609
10612	0.756293
10620	0.775447
10629	0.914311
10638	0.437864
10648	0.361250
10657	0.604261
10666	0.247525
10675	0.229569
10684	0.455821
10694	0.193656
10703	0.168517
10712	0.223583
10721	-0.084072
10730	0.066763
10739	-0.066115
10748	-0.324689
10757	-0.285184
10766	-0.262439
10776	-0.110408
10785	-0.024216
10794	-0.256454
10803	-0.256454
10812	-0.094845
10822	-0.018231
10831	-0.230118
10840	-0.444399
10849	-0.182234
10858	-0.112802
10867	-0.268425
10876	-0.532984
10885	-0.588051
10894	-0.292367
10904	-0.486297
10913	-0.486297
10922	-0.412077
10931	-0.275608
10940	-0.318703
10950	-0.521013
10959	-0.439611
10968	-0.179839
10977	-0.406092
10986	-0.702973
10995	-0.522210
11004	-0.309126
11013	-0.030202
11022	0.045215
11032	0.239146
11041	0.448638
11050	0.423499
11059	0.241540
11068	0.592290
11078	0.683270
11087	0.349279
11096	0.512085
11105	0.568348
11113	0.586305
11123	0.934661
11132	0.746716
11141	0.592290
11150	0.723972
11160	0.492931
11169	0.168517
11178	0.242737
11187	0.266679
11196	0.175699
11206	0.118239
11215	-0.034990
11223	0.015288
11232	0.130210
11241	-0.020625
11251	-0.254060
11260	-0.380952
11269	-0.244483
11278	-0.317506
11288	-0.129561
11297	-0.268425
11306	-0.276805
11315	-0.073298
11324	-0.159489
11334	-0.407289
11343	-0.297155
11351	-0.011048
11360	-0.142729
11369	-0.340251
11379	-0.392923
11388	-0.340251
11397	-0.427639
11406	-0.611993
11416	-0.655088
11425	-0.495874
11434	-0.304338
11443	-0.661074
11452	-0.464750
11462	-0.090057
11471	-0.215753
11479	-0.291170
11488	-0.251666
11497	-0.451582
11507	-0.359405
11516	-0.239695
11525	-0.014640
11534	0.366038
11544	0.417514
11553	0.151757
11562	0.640174
11571	0.755096
11580	0.484551
11590	0.708409
11599	0.735943
11607	0.350476
11616	0.586305
11625	0.632992
11635	0.508493
11644	0.744322
11653	0.798192
11662	0.389980
11672	0.451033
11681	0.192459
11690	0.097888
11699	0.202036
11708	0.082326
11717	-0.183431
11726	-0.074495
11735	0.178094
11744	-0.025414
11753	-0.042173
11763	-0.146321
11772	-0.449187
11781	-0.075692
11790	-0.267228
11800	-0.348631
11809	-0.130758
11818	-0.176248
11827	-0.317506
11836	-0.346237
11846	-0.171460
11854	-0.099634
11863	-0.331871
11872	-0.428837
11881	-0.227724
11891	-0.197796
11900	-0.439611
11909	-0.602416
11918	-0.663468
11928	-0.489889
11937	-0.384544
11946	-0.691002
11955	-0.503057
11964	-0.218147
11974	-0.418063
11983	-0.177445
11991	0.065566
12000	-0.208570
12009	-0.103225
12019	-0.140335
12028	-0.055341
12037	0.443850
12046	0.308578
12056	0.188868
12065	0.550392
12074	0.750308
12083	0.576728
12092	0.868821
12102	0.835302
12110	0.477369
12119	0.659328
12128	0.521661
12137	0.264285
12147	0.659328
12156	0.646160
12165	0.441456
12174	0.512085
12184	0.236752
12193	0.054792
12202	0.228372
12211	0.058383
12219	-0.309126
12229	-0.003866
12238	-0.141532
12247	-0.215753
12256	0.028456
12265	-0.300747
12275	-0.165474
12284	-0.201387
12293	-0.191811
12302	-0.238497
12312	-0.149912
12321	-0.213358
12330	-0.407289
12339	-0.317506
12348	-0.198993
12357	-0.254060
12366	-0.321097
12375	-0.383347
12384	-0.311521
12393	-0.201387
12403	-0.359405
12412	-0.477918
12421	-0.530590
12430	-0.398909
12440	-0.572489
12449	-0.829865
12458	-0.507845
12467	-0.425245
12476	-0.465947
12486	-0.323492
12494	-0.104422
12503	0.229569
12512	0.005711
12521	-0.073298
12531	0.295410
12540	0.473778
12549	0.175699
12558	0.293015
12568	0.611444
12577	0.348082
12586	0.542012
12595	1.050780
12604	0.789812
12613	0.798192
12622	0.853258
12631	0.406740
12640	0.372024
12649	0.470186
12659	0.443850
12668	0.356462
12677	0.458215
12686	0.118239
12696	0.212810
12705	0.236752
12714	-0.052947
12722	-0.062524
12731	-0.193008
12741	-0.275608
12750	-0.343842
12759	-0.228921
12768	-0.128364
12777	-0.177445
12787	-0.075692
12796	-0.317506
12805	-0.142729
12814	-0.026611
12824	-0.407289
12833	-0.316309
12842	-0.254060
12850	-0.224132
12859	-0.140335
12869	-0.627555
12878	-0.526999
12887	-0.151109
12896	-0.274410
12905	-0.521013
12915	-0.303141
12924	-0.348631
12933	-0.388135
12942	-0.456370
12952	-0.566503
12961	-0.412077
12970	-0.442005
12979	-0.726915
12987	-0.493480
12997	-0.123576
13006	0.069157
13015	0.170911
13024	0.138589
13033	0.352870
13043	0.422302
13052	0.294212
13061	0.563560
13070	0.484551
13080	0.326534
13089	0.561166
13097	0.727563
13106	0.776644
13115	0.887974
13125	0.799389
13134	0.621021
13143	0.519267
13152	0.387586
13161	0.205627
13171	0.337308
13180	0.328928
13189	0.146969
13198	0.158940
13208	0.094297
13216	-0.002669
13225	0.107465
13234	-0.118787
13243	-0.407289
13253	-0.249271
13262	-0.303141
13271	-0.088860
13280	-0.072101
13289	-0.341448
13299	-0.131956
13308	-0.084072
13317	-0.188219
13326	-0.342645
13336	-0.304338
13344	-0.212161
13353	-0.209767
13362	-0.380952
13371	-0.462355
13381	-0.430034
13390	-0.383347
13399	-0.477918
13408	-0.577277
13417	-0.426442
13427	-0.245680
13436	-0.398909
13445	-0.482706
13454	-0.292367
13464	-0.255257
13472	-0.315112
13481	-0.589248
13490	-0.606007
13499	-0.198993
13509	-0.009851
13518	0.057186
13527	0.346885
13536	0.424696
13545	0.376812
13555	0.479763
13564	0.670102
13573	0.463004
13582	0.486946
13591	0.606656
13600	0.470186
13609	0.531238
13618	0.796995
13627	0.794601
13637	0.733548
13646	0.549195
13655	0.394769
13664	0.264285
13673	0.198444
13683	0.105070
13692	0.219992
13701	0.034441
13709	-0.007457
13719	0.145772
13728	-0.029005
13737	0.012894
13746	-0.134350
13755	-0.408486
13765	-0.276805
13774	-0.220541
13783	-0.086466
13792	-0.207373
13801	-0.245680
13811	-0.183431
13820	-0.115196
13828	-0.322295
13837	-0.297155
13847	-0.091254
13856	-0.136744
13865	-0.445596
13874	-0.473129
13883	-0.400106
13893	-0.552138
13902	-0.534181
13911	-0.668257
13920	-0.534181
13929	-0.234906
13939	-0.652694
13948	-0.482706
13957	-0.025414
13965	-0.307929
13975	-0.262439
13984	-0.161883
13993	-0.532984
14002	-0.280396
14011	-0.043370
14021	-0.012245
14030	0.419908
14039	0.465398
14048	0.266679
14057	0.606656
14067	0.805374
14076	0.516873
14084	0.731154
14093	0.586305
14103	0.243934
14112	0.652146
14121	0.746716
14130	0.479763
14139	0.732351
14149	0.686861
14158	0.300198
14167	0.400754
14176	0.129012
14185	0.084720
14194	0.184079
14203	0.078734
14212	-0.274410
14221	0.120633
14231	0.096691
14240	-0.119985
14249	0.030850
14258	-0.364193
14267	-0.331871
14277	-0.073298
14286	-0.327083
14295	-0.262439
14304	-0.157095
14312	-0.185825
14322	-0.291170
14331	-0.310324
14340	-0.206176
14349	-0.078086
14359	-0.226526
14368	-0.364193
14377	-0.337857
14386	-0.246877
14395	-0.558123
14405	-0.655088
14414	-0.670651
14423	-0.470735
14432	-0.366587
14440	-0.691002
14450	-0.492283
14459	-0.109211
14468	-0.361799
14477	-0.055341
14487	0.005711
14496	-0.339054
14505	-0.276805
14514	-0.137941
14523	0.158940
14533	0.521661
14542	0.338505
14551	0.097888
14559	0.688059
14568	0.889171
14578	0.616232
14587	0.853258
14596	0.588699
14605	0.299001
14615	0.692847
14624	0.470186
14633	0.318154
14642	0.750308
14651	0.722774
14661	0.291818
14670	0.302592
14678	0.185276
14687	0.034441
14696	0.251117
14706	-0.148715
14715	-0.242089
14724	-0.115196
14733	0.102676
14743	-0.146321
14752	-0.038582
14761	-0.116393
14770	-0.337857
14779	-0.080480
14789	-0.282790
14798	-0.337857
14806	-0.009851
14815	-0.333068
14824	-0.407289
14834	-0.313915
14843	-0.146321
14852	-0.094845
14861	-0.398909
14871	-0.406092
14880	-0.082874
14889	-0.202585
14898	-0.583263
14907	-0.534181
14917	-0.590445
14926	-0.554532
14934	-0.560518
14943	-0.758039
14952	-0.379755
14962	-0.203782
14971	-0.498268
14980	-0.159489
14989	0.267876
14999	-0.021822