0	-0.557775
10	-0.520665
19	-0.667908
28	-0.633193
37	-0.353071
45	-0.532636
55	-0.493132
64	-0.317158
73	-0.354268
81	-0.266880
90	-0.113651
100	-0.263288
109	-0.129213
118	0.006059
126	-0.076541
136	-0.015489
145	0.177245
154	0.113798
163	0.052746
172	0.188019
181	0.159288
190	0.245479
199	0.377161
208	0.079082
217	0.241888
226	0.373569
235	0.184427
244	0.184427
253	0.385540
262	0.352021
271	0.340050
280	0.313714
289	0.223932
298	0.369978
308	0.437016
316	0.257450
325	0.277801
334	0.537572
343	0.401103
353	0.304137
362	0.498068
370	0.401103
379	0.456169
388	0.498068
398	0.314911
407	0.373569
415	0.539966
424	0.336459
434	0.312517
443	0.443001
452	0.278998
461	0.289772
469	0.276604
479	0.183230
488	0.131755
497	0.150908
506	-0.069358
514	0.053943
524	0.069506
533	-0.160338
542	-0.284836
551	-0.118439
560	-0.198645
569	-0.326735
578	-0.287230
587	-0.508694
596	-0.477569
606	-0.256106
615	-0.511088
623	-0.654740
632	-0.476372
641	-0.543410
651	-0.558972
660	-0.548198
668	-0.605659
677	-0.507497
686	-0.418911
696	-0.600871
705	-0.514680
714	-0.380604
722	-0.493132
731	-0.411729
741	-0.338706
750	-0.345888
759	-0.211813
768	-0.208222
777	-0.260894
786	-0.090906
795	-0.022671
804	-0.038233
813	0.016833
822	0.019227
831	0.046761
840	0.119784
849	0.114995
858	0.155697
868	0.274210
876	0.250268
885	0.122178
894	0.105419
904	0.330474
913	0.144923
921	0.194004
930	0.312517
939	0.282590
949	0.329277
958	0.296955
967	0.201187
975	0.308926
984	0.363992
994	0.233508
1003	0.323291
1012	0.369978
1021	0.318503
1029	0.402300
1039	0.421453
1048	0.316108
1057	0.319700
1066	0.466943
1076	0.341248
1085	0.378358
1093	0.435819
1102	0.275407
1111	0.371175
1121	0.402300
1130	0.234706
1139	0.273013
1148	0.262239
1157	0.130558
1166	0.111404
1175	0.132952
1184	-0.007109
1193	0.025213
1203	-0.021474
1212	-0.193857
1221	-0.209419
1229	-0.106468
1238	-0.186674
1248	-0.278851
1257	-0.365042
1266	-0.478767
1275	-0.424897
1284	-0.391378
1294	-0.451233
1303	-0.520665
1311	-0.576929
1320	-0.511088
1330	-0.511088
1339	-0.578126
1348	-0.578126
1357	-0.400955
1366	-0.479964
1376	-0.502709
1384	-0.487146
1393	-0.454825
1402	-0.347085
1411	-0.362648
1421	-0.399758
1430	-0.244135
1439	-0.138790
1448	-0.198645
1458	-0.112454
1466	-0.011897
1475	-0.034642
1484	0.031198
1493	0.083871
1503	0.076688
1512	0.191610
1521	0.146120
1529	0.076688
1538	0.257450
1548	0.268224
1557	0.222735
1566	0.142529
1575	0.235903
1584	0.326882
1594	0.239494
1602	0.191610
1611	0.257450
1620	0.320897
1630	0.293364
1639	0.219143
1648	0.282590
1657	0.346036
1665	0.277801
1675	0.295758
1684	0.337656
1693	0.334065
1702	0.282590
1711	0.310123
1721	0.368781
1730	0.407088
1738	0.350824
1747	0.363992
1757	0.326882
1766	0.337656
1775	0.409482
1784	0.280195
1793	0.247874
1802	0.289772
1811	0.217946
1820	0.182033
1829	0.208369
1838	0.140135
1848	-0.020277
1857	0.035987
1866	-0.056190
1874	-0.098089
1883	-0.045416
1893	-0.171112
1902	-0.312369
1911	-0.192659
1920	-0.189068
1930	-0.344691
1939	-0.374619
1947	-0.379407
1956	-0.454825
1965	-0.382998
1975	-0.448839
1984	-0.590097
1993	-0.527848
2002	-0.481161
2011	-0.569746
2020	-0.568549
2029	-0.537424
2038	-0.535030
2047	-0.416517
2057	-0.421306
2066	-0.489540
2075	-0.404546
2084	-0.288427
2092	-0.365042
2102	-0.321946
2111	-0.156746
2120	-0.180688
2129	-0.105271
2138	-0.040628
2148	-0.068161
2157	0.028804
2165	0.100630
2174	0.092251
2184	0.112601
2193	0.208369
2202	0.173653
2211	0.172456
2220	0.270619
2229	0.257450
2238	0.216749
2247	0.250268
2256	0.377161
2265	0.360401
2275	0.142529
2284	0.171259
2293	0.362795
2301	0.403497
2310	0.325685
2320	0.249071
2329	0.385540
2338	0.447790
2347	0.310123
2357	0.252662
2366	0.378358
2374	0.421453
2383	0.349627
2392	0.282590
2402	0.435819
2411	0.434621
2420	0.352021
2429	0.328079
2437	0.343642
2447	0.404694
2456	0.283787
2465	0.217946
2474	0.251465
2484	0.277801
2493	0.253859
2502	0.160485
2510	0.155697
2519	0.124572
2529	0.027607
2538	-0.069358
2547	-0.043022
2556	-0.143578
2565	-0.070555
2574	-0.178294
2583	-0.286033
2592	-0.252514
2601	-0.282442
2611	-0.366239
2620	-0.390181
2629	-0.469190
2638	-0.547001
2646	-0.416517
2656	-0.525453
2665	-0.588900
2674	-0.581717
2683	-0.641572
2692	-0.556578
2702	-0.467993
2711	-0.645164
2720	-0.620024
2728	-0.410532
2738	-0.509891
2747	-0.599674
2756	-0.484752
2765	-0.404546
2774	-0.337509
2784	-0.347085
2793	-0.288427
2801	-0.143578
2810	-0.154352
2819	-0.151958
2829	-0.049007
2838	-0.009503
2847	0.034790
2856	0.107813
2866	0.076688
2874	0.178442
2883	0.252662
2892	0.160485
2901	0.305335
2911	0.352021
2920	0.255056
2929	0.238297
2937	0.311320
2946	0.350824
2956	0.257450
2965	0.199990
2974	0.387934
2983	0.500462
2992	0.335262
3001	0.215552
3010	0.350824
3019	0.481308
3028	0.444198
3038	0.250268
3047	0.392723
3056	0.434621
3064	0.471732
3073	0.452578
3083	0.347233
3092	0.445395
3101	0.457366
3110	0.379555
3119	0.355613
3129	0.417862
3137	0.365190
3146	0.330474
3155	0.318503
3165	0.386737
3174	0.221537
3183	0.147317
3192	0.180836
3201	0.154500
3210	0.031198
3219	0.021622
3228	0.007256
3237	-0.066964
3246	-0.056190
3256	-0.135199
3265	-0.337509
3274	-0.253712
3282	-0.230967
3291	-0.426094
3301	-0.424897
3310	-0.422503
3319	-0.605659
3328	-0.466796
3338	-0.456022
3347	-0.712201
3355	-0.672697
3364	-0.526651
3373	-0.731355
3383	-0.591294
3392	-0.556578
3401	-0.694245
3410	-0.527848
3419	-0.569746
3429	-0.669106
3437	-0.440459
3446	-0.390181
3455	-0.462007
3465	-0.368633
3474	-0.268077
3483	-0.287230
3492	-0.162732
3501	-0.138790
3510	-0.122030
3519	0.001271
3528	-0.035839
3537	0.037184
3546	0.074294
3556	0.192807
3565	0.105419
3573	0.141332
3582	0.209566
3592	0.234706
3601	0.362795
3610	0.233508
3619	0.194004
3628	0.375963
3638	0.341248
3646	0.293364
3655	0.349627
3664	0.386737
3673	0.432227
3683	0.349627
3692	0.296955
3701	0.439410
3709	0.489688
3718	0.402300
3728	0.422650
3737	0.471732
3746	0.472929
3755	0.417862
3765	0.490885
3774	0.426242
3782	0.386737
3791	0.493279
3800	0.447790
3810	0.420256
3819	0.499265
3828	0.384343
3837	0.296955
3845	0.352021
3855	0.306532
3864	0.249071
3873	0.240691
3882	0.185624
3892	0.178442
3901	0.087462
3910	0.021622
3918	-0.046613
3927	-0.003518
3937	-0.104074
3946	-0.211813
3955	-0.241741
3964	-0.232164
3973	-0.266880
3983	-0.406940
3991	-0.394969
4000	-0.447642
4009	-0.503906
4019	-0.459613
4028	-0.507497
4037	-0.675091
4046	-0.612842
4055	-0.642769
4064	-0.624813
4073	-0.641572
4082	-0.642769
4091	-0.600871
4100	-0.450036
4110	-0.563761
4119	-0.636784
4128	-0.374619
4136	-0.432080
4146	-0.471584
4155	-0.336312
4164	-0.259697
4173	-0.269274
4182	-0.173506
4192	-0.154352
4201	-0.137593
4209	-0.039430
4218	-0.014291
4227	-0.039430
4237	0.105419
4246	0.194004
4255	0.034790
4264	0.120981
4274	0.238297
4282	0.221537
4291	0.284984
4300	0.273013
4309	0.155697
4319	0.358007
4328	0.292166
4337	0.186822
4345	0.328079
4354	0.372372
4364	0.320897
4373	0.284984
4382	0.363992
4391	0.458563
4400	0.419059
4410	0.404694
4418	0.360401
4427	0.448987
4436	0.446592
4446	0.352021
4455	0.493279
4464	0.492082
4473	0.366387
4481	0.571091
4491	0.384343
4500	0.437016
4509	0.490885
4518	0.363992
4527	0.396314
4537	0.397511
4545	0.246677
4554	0.220340
4563	0.281393
4573	0.210764
4582	0.156894
4591	0.100630
4600	0.001271
4609	0.016833
4618	0.081477
4627	-0.101680
4636	-0.230967
4645	-0.138790
4654	-0.187871
4664	-0.286033
4673	-0.303990
4682	-0.439262
4690	-0.479964
4699	-0.378210
4709	-0.456022
4718	-0.706216
4727	-0.447642
4736	-0.547001
4746	-0.669106
4755	-0.503906
4763	-0.593688
4772	-0.646361
4781	-0.470387
4791	-0.547001
4800	-0.659529
4809	-0.456022
4818	-0.466796
4827	-0.507497
4837	-0.345888
4845	-0.332720
4854	-0.337509
4863	-0.171112
4873	-0.201039
4882	-0.217799
4891	-0.008306
4900	-0.088512
4909	-0.139987
4918	0.119784
4927	0.155697
4936	0.043169
4945	0.088659
4954	0.188019
4964	0.168865
4973	0.259845
4982	0.196398
4990	0.113798
5000	0.307729
5009	0.318503
5018	0.105419
5027	0.311320
5036	0.379555
5046	0.257450
5054	0.227523
5063	0.265830
5072	0.293364
5081	0.408285
5091	0.258648
5100	0.302940
5109	0.486097
5118	0.475323
5126	0.349627
5136	0.440607
5145	0.379555
5154	0.401103
5163	0.414271
5173	0.366387
5182	0.372372
5191	0.499265
5199	0.393920
5208	0.318503
5218	0.433424
5227	0.292166
5236	0.250268
5245	0.281393
5254	0.214355
5263	0.156894
5272	0.134149
5281	0.034790
5290	-0.004715
5300	0.045564
5309	-0.108862
5318	-0.239346
5327	-0.190265
5335	-0.198645
5345	-0.223784
5354	-0.292019
5363	-0.391378
5372	-0.466796
5381	-0.363845
5391	-0.398561
5400	-0.557775
5408	-0.532636
5417	-0.499117
5427	-0.558972
5436	-0.525453
5445	-0.581717
5454	-0.586506
5463	-0.475175
5473	-0.511088
5482	-0.569746
5490	-0.432080
5499	-0.377013
5508	-0.404546
5518	-0.365042
5527	-0.321946
5536	-0.259697
5545	-0.235755
5555	-0.157943
5563	-0.126819
5572	-0.065767
5581	0.037184
5590	0.012045
5600	0.044366
5609	0.147317
5618	0.132952
5626	0.025213
5635	0.173653
5645	0.252662
5654	0.332868
5663	0.205975
5672	0.137740
5682	0.317306
5691	0.354416
5699	0.182033
5708	0.165274
5717	0.332868
5727	0.276604
5736	0.282590
5745	0.167668
5754	0.318503
5763	0.428636
5772	0.300546
5781	0.277801
5790	0.356810
5799	0.434621
5808	0.334065
5818	0.307729
5827	0.342445
5835	0.343642
5844	0.483703
5854	0.359204
5863	0.237100
5872	0.433424
5881	0.350824
5890	0.231114
5899	0.302940
5908	0.290969
5917	0.226326
5926	0.233508
5935	0.198793
5945	0.113798
5954	0.125769
5963	0.052746
5971	-0.074147
5981	0.009651
5990	-0.050204
5999	-0.228572
6008	-0.276456
6017	-0.179491
6027	-0.268077
6036	-0.238149
6044	-0.323143
6053	-0.544607
6062	-0.433277
6072	-0.315961
6081	-0.579323
6090	-0.604462
6099	-0.452430
6109	-0.555381
6117	-0.533833
6126	-0.554184
6135	-0.556578
6144	-0.463204
6154	-0.439262
6163	-0.610448
6172	-0.454825
6181	-0.324341
6190	-0.418911
6199	-0.345888
6208	-0.232164
6217	-0.240543
6226	-0.172309
6235	-0.119636
6245	-0.179491
6254	-0.038233
6263	0.103024
6271	0.033593
6281	0.085068
6290	0.124572
6299	0.126966
6308	0.119784
6317	0.189216
6327	0.247874
6335	0.358007
6344	0.204778
6353	0.138937
6362	0.360401
6372	0.343642
6381	0.213158
6390	0.263436
6399	0.277801
6408	0.239494
6417	0.358007
6426	0.159288
6435	0.300546
6444	0.429833
6454	0.319700
6463	0.232311
6471	0.392723
6480	0.373569
6489	0.251465
6499	0.389132
6508	0.335262
6517	0.304137
6526	0.514827
6536	0.342445
6544	0.269422
6553	0.443001
6562	0.338853
6571	0.204778
6581	0.380752
6590	0.216749
6599	0.159288
6608	0.219143
6616	0.176048
6626	0.026410
6635	0.056338
6644	0.055140
6653	-0.102877
6662	-0.041825
6672	-0.072949
6680	-0.276456
6689	-0.230967
6698	-0.149564
6708	-0.347085
6717	-0.377013
6726	-0.402152
6735	-0.489540
6744	-0.409335
6754	-0.490738
6762	-0.508694
6771	-0.594885
6780	-0.545804
6789	-0.500314
6799	-0.588900
6808	-0.562564
6817	-0.551790
6826	-0.488343
6835	-0.475175
6844	-0.423700
6853	-0.538621
6862	-0.404546
6871	-0.241741
6881	-0.368633
6890	-0.330326
6899	-0.129213
6907	-0.218996
6916	-0.053796
6926	-0.007109
6935	-0.123228
6944	0.021622
6953	0.192807
6963	0.076688
6972	0.081477
6980	0.219143
6989	0.081477
6998	0.136543
7008	0.338853
7017	0.222735
7026	0.170062
7035	0.293364
7043	0.290969
7053	0.386737
7062	0.312517
7071	0.177245
7080	0.435819
7090	0.365190
7099	0.171259
7108	0.289772
7116	0.466943
7125	0.390329
7135	0.322094
7144	0.349627
7153	0.441804
7162	0.440607
7171	0.355613
7181	0.331671
7189	0.417862
7198	0.435819
7207	0.331671
7216	0.380752
7226	0.425045
7235	0.356810
7244	0.414271
7252	0.232311
7262	0.213158
7271	0.352021
7280	0.194004
7289	0.075491
7298	0.240691
7308	0.129361
7317	-0.013094
7325	0.013242
7334	-0.050204
7343	-0.141184
7353	-0.069358
7362	-0.288427
7371	-0.356662
7380	-0.143578
7390	-0.337509
7398	-0.463204
7407	-0.318355
7416	-0.458416
7425	-0.514680
7435	-0.372225
7444	-0.657135
7453	-0.713398
7462	-0.513482
7471	-0.626010
7480	-0.596082
7489	-0.538621
7498	-0.715793
7507	-0.530242
7517	-0.435671
7526	-0.567352
7535	-0.496723
7544	-0.382998
7552	-0.325538
7562	-0.345888
7571	-0.312369
7580	-0.253712
7589	-0.136396
7598	-0.147170
7608	-0.072949
7617	-0.013094
7626	-0.054993
7634	0.092251
7643	0.134149
7653	0.113798
7662	0.203581
7671	0.166471
7680	0.244282
7690	0.326882
7698	0.245479
7707	0.120981
7716	0.302940
7725	0.396314
7735	0.262239
7744	0.276604
7753	0.380752
7762	0.416665
7770	0.340050
7780	0.234706
7789	0.278998
7798	0.466943
7807	0.494476
7817	0.305335
7826	0.405891
7834	0.505250
7843	0.408285
7852	0.395117
7862	0.435819
7871	0.411877
7880	0.446592
7889	0.432227
7898	0.371175
7907	0.413074
7916	0.437016
7925	0.387934
7934	0.289772
7944	0.301743
7953	0.320897
7962	0.227523
7971	0.152106
7979	0.208369
7989	0.114995
7998	0.003665
8007	-0.007109
8016	-0.064570
8025	-0.053796
8035	-0.138790
8043	-0.230967
8052	-0.324341
8061	-0.204630
8070	-0.287230
8080	-0.430882
8089	-0.367436
8098	-0.453627
8107	-0.554184
8117	-0.426094
8125	-0.574535
8134	-0.629601
8143	-0.600871
8152	-0.587703
8162	-0.570943
8171	-0.569746
8180	-0.652346
8189	-0.579323
8197	-0.434474
8207	-0.560169
8216	-0.579323
8225	-0.402152
8234	-0.375816
8244	-0.411729
8253	-0.303990
8262	-0.233361
8270	-0.204630
8279	-0.093300
8289	-0.098089
8298	-0.102877
8307	0.020424
8316	0.109010
8325	0.067111
8335	0.070703
8343	0.100630
8352	0.088659
8361	0.194004
8371	0.256253
8380	0.282590
8389	0.232311
8398	0.195201
8406	0.367584
8416	0.340050
8425	0.196398
8434	0.316108
8443	0.440607
8452	0.342445
8462	0.273013
8470	0.275407
8479	0.426242
8488	0.458563
8498	0.329277
8507	0.374766
8516	0.441804
8525	0.450184
8534	0.361598
8543	0.346036
8552	0.462155
8561	0.399906
8570	0.417862
8579	0.423848
8589	0.310123
8598	0.483703
8607	0.417862
8615	0.226326
8624	0.280195
8634	0.347233
8643	0.240691
8652	0.229917
8661	0.215552
8671	0.130558
8679	0.095842
8688	0.045564
8697	-0.053796
8706	0.015636
8716	-0.063372
8725	-0.227375
8734	-0.274062
8743	-0.142381
8751	-0.286033
8761	-0.344691
8770	-0.381801
8779	-0.525453
8788	-0.519468
8798	-0.382998
8807	-0.652346
8816	-0.695442
8825	-0.574535
8833	-0.573338
8843	-0.573338
8852	-0.582914
8861	-0.646361
8870	-0.564958
8879	-0.514680
8889	-0.627207
8898	-0.526651
8906	-0.411729
8915	-0.452430
8925	-0.390181
8934	-0.359056
8943	-0.250120
8952	-0.159141
8961	-0.147170
8971	-0.199842
8980	-0.065767
8988	0.013242
8997	0.063520
9006	0.080280
9016	0.185624
9025	0.138937
9034	0.134149
9043	0.161682
9051	0.221537
9061	0.335262
9070	0.243085
9079	0.150908
9088	0.320897
9098	0.262239
9107	0.263436
9115	0.298152
9124	0.267027
9133	0.305335
9143	0.324488
9152	0.265830
9161	0.353219
9170	0.454972
9179	0.350824
9188	0.314911
9197	0.404694
9206	0.468140
9215	0.362795
9225	0.408285
9234	0.393920
9243	0.331671
9251	0.500462
9260	0.399906
9270	0.335262
9279	0.444198
9288	0.341248
9297	0.335262
9306	0.344839
9316	0.244282
9324	0.284984
9333	0.277801
9342	0.182033
9352	0.135346
9361	0.126966
9370	0.022819
9379	-0.068161
9388	-0.027460
9397	-0.101680
9406	-0.214207
9415	-0.244135
9424	-0.149564
9433	-0.254909
9443	-0.369830
9452	-0.428488
9461	-0.481161
9469	-0.471584
9478	-0.429685
9488	-0.603265
9497	-0.629601
9506	-0.507497
9515	-0.547001
9525	-0.547001
9534	-0.620024
9542	-0.568549
9551	-0.482358
9560	-0.463204
9570	-0.568549
9579	-0.483555
9588	-0.382998
9597	-0.378210
9606	-0.354268
9615	-0.284836
9624	-0.222587
9633	-0.162732
9642	-0.177097
9652	-0.145972
9661	-0.090906
9670	-0.038233
9679	-0.019080
9687	0.027607
9697	0.164077
9706	0.122178
9715	0.104222
9724	0.174850
9733	0.217946
9743	0.348430
9752	0.184427
9760	0.144923
9769	0.287378
9779	0.353219
9788	0.215552
9797	0.273013
9806	0.355613
9815	0.338853
9824	0.233508
9833	0.281393
9842	0.353219
9851	0.356810
9860	0.306532
9870	0.311320
9879	0.492082
9888	0.423848
9896	0.323291
9906	0.408285
9915	0.405891
9924	0.369978
9933	0.384343
9942	0.386737
9952	0.340050
9961	0.419059
9969	0.328079
9978	0.273013
9987	0.346036
9997	0.314911
10006	0.233508
10015	0.152106
10024	0.194004
10034	0.106616
10042	0.052746
10051	0.004862
10060	-0.076541
10069	-0.054993
10079	-0.090906
10088	-0.250120
10097	-0.217799
10106	-0.143578
10115	-0.266880
10125	-0.386590
10134	-0.381801
10143	-0.463204
10152	-0.454825
10162	-0.420109
10170	-0.629601
10179	-0.568549
10188	-0.509891
10197	-0.550592
10207	-0.598477
10216	-0.471584
10225	-0.567352
10234	-0.555381
10243	-0.458416
10253	-0.482358
10262	-0.472781
10271	-0.403349
10280	-0.397364
10290	-0.294413
10298	-0.242938
10307	-0.214207
10316	-0.175900
10325	-0.148367
10335	-0.098089
10344	-0.041825
10353	-0.027460
10362	-0.008306
10371	0.093448
10381	0.204778
10390	0.143726
10399	0.130558
10408	0.209566
10416	0.342445
10426	0.192807
10435	0.129361
10444	0.311320
10453	0.361598
10463	0.221537
10472	0.179639
10481	0.353219
10490	0.439410
10499	0.334065
10509	0.235903
10518	0.280195
10527	0.410679
10535	0.369978
10544	0.253859
10554	0.322094
10563	0.456169
10572	0.369978
10581	0.322094
10591	0.454972
10600	0.381949
10609	0.395117
10618	0.337656
10627	0.324488
10637	0.410679
10645	0.379555
10654	0.283787
10663	0.358007
10672	0.290969
10682	0.299349
10691	0.186822
10700	0.220340
10709	0.142529
10719	0.045564
10728	-0.058584
10737	-0.041825
10746	-0.022671
10754	-0.088512
10764	-0.215404
10773	-0.286033
10782	-0.172309
10791	-0.217799
10800	-0.375816
10810	-0.439262
10819	-0.489540
10828	-0.485949
10837	-0.418911
10847	-0.556578
10856	-0.594885
10865	-0.477569
10874	-0.590097
10883	-0.591294
10892	-0.556578
10901	-0.551790
10910	-0.561367
10919	-0.462007
10928	-0.491935
10938	-0.529045
10947	-0.363845
10956	-0.423700
10965	-0.387787
10975	-0.275259
10984	-0.201039
10993	-0.185477
11002	-0.132804
11011	-0.135199
11021	-0.050204
11029	0.010848
11038	0.026410
11047	0.003665
11056	0.132952
11066	0.148514
11075	0.142529
11084	0.164077
11093	0.227523
11103	0.379555
11112	0.268224
11121	0.116193
11130	0.314911
11138	0.399906
11148	0.225129
11157	0.178442
11166	0.358007
11175	0.386737
11184	0.385540
11194	0.265830
11203	0.301743
11212	0.414271
11221	0.372372
11231	0.265830
11240	0.330474
11248	0.464549
11257	0.360401
11266	0.390329
11276	0.352021
11285	0.360401
11294	0.476520
11303	0.369978
11312	0.304137
11322	0.375963
11331	0.404694
11340	0.191610
11349	0.292166
11358	0.301743
11367	0.250268
11376	0.240691
11385	0.162879
11394	0.082674
11404	0.046761
11413	0.044366
11422	-0.098089
11431	-0.064570
11440	-0.053796
11450	-0.264485
11459	-0.247726
11468	-0.195054
11476	-0.239346
11486	-0.320749
11495	-0.351874
11504	-0.485949
11513	-0.524256
11522	-0.394969
11532	-0.614039
11541	-0.655937
11550	-0.471584
11559	-0.582914
11568	-0.608053
11578	-0.549395
11587	-0.614039
11596	-0.568549
11604	-0.489540
11614	-0.579323
11623	-0.581717
11632	-0.382998
11641	-0.367436
11650	-0.423700
11660	-0.292019
11669	-0.276456
11678	-0.221390
11687	-0.041825
11696	-0.110060
11706	-0.070555
11715	0.045564
11723	0.070703
11732	0.077885
11742	0.161682
11751	0.182033
11760	0.150908
11769	0.217946
11778	0.316108
11788	0.324488
11797	0.208369
11806	0.235903
11815	0.365190
11824	0.308926
11833	0.227523
11842	0.379555
11851	0.342445
11860	0.335262
11870	0.338853
11879	0.281393
11888	0.377161
11897	0.405891
11906	0.313714
11916	0.375963
11925	0.441804
11934	0.445395
11943	0.349627
11951	0.429833
11961	0.389132
11970	0.336459
11979	0.440607
11988	0.408285
11998	0.348430
12007	0.466943
12016	0.313714
12025	0.335262
12034	0.363992
12044	0.201187
12053	0.198793
12061	0.273013
12070	0.167668
12079	0.040775
12089	0.080280
12098	-0.009503
12107	-0.057387
12116	0.033593
12126	-0.161535
12135	-0.321946
12144	-0.198645
12153	-0.229770
12162	-0.414123
12172	-0.430882
12180	-0.406940
12189	-0.505103
12198	-0.506300
12207	-0.496723
12217	-0.612842
12226	-0.624813
12235	-0.653543
12244	-0.616433
12254	-0.521862
12263	-0.630798
12272	-0.637981
12281	-0.533833
12290	-0.415320
12300	-0.548198
12309	-0.576929
12317	-0.325538
12326	-0.367436
12335	-0.442854
12345	-0.213010
12354	-0.239346
12363	-0.223784
12372	-0.004715
12382	-0.096891
12391	-0.114848
12400	0.098236
12409	0.116193
12418	0.059929
12428	0.128164
12437	0.089856
12445	0.099433
12454	0.358007
12463	0.208369
12473	0.117390
12482	0.256253
12491	0.443001
12500	0.262239
12510	0.176048
12519	0.186822
12528	0.470534
12537	0.334065
12546	0.177245
12555	0.295758
12564	0.495674
12573	0.452578
12582	0.166471
12591	0.408285
12601	0.583062
12610	0.395117
12619	0.263436
12628	0.390329
12638	0.505250
12647	0.465746
12656	0.348430
12664	0.387934
12673	0.468140
12683	0.397511
12692	0.280195
12701	0.284984
12710	0.367584
12719	0.417862
12729	0.114995
12738	0.092251
12747	0.271816
12756	0.215552
12766	-0.056190
12775	0.021622
12783	0.040775
12792	0.009651
12801	-0.086118
12811	-0.260894
12820	-0.296807
12829	-0.104074
12838	-0.174703
12847	-0.478767
12857	-0.337509
12866	-0.332720
12875	-0.501511
12884	-0.473978
12894	-0.517074
12903	-0.556578
12911	-0.485949
12920	-0.652346
12929	-0.670303
12939	-0.446445
12948	-0.579323
12957	-0.696639
12966	-0.445248
12975	-0.478767
12985	-0.569746
12994	-0.406940
13003	-0.388984
13012	-0.381801
13022	-0.281245
13031	-0.295610
13039	-0.265683
13048	-0.111257
13057	-0.132804
13067	-0.128016
13076	-0.033445
13085	0.082674
13094	0.109010
13103	0.128164
13113	0.126966
13122	0.055140
13131	0.194004
13140	0.253859
13150	0.245479
13158	0.197595
13167	0.222735
13176	0.330474
13185	0.280195
13195	0.215552
13204	0.306532
13213	0.492082
13222	0.281393
13231	0.195201
13241	0.328079
13250	0.383146
13259	0.393920
13267	0.261042
13277	0.308926
13286	0.454972
13295	0.474126
13304	0.278998
13313	0.390329
13323	0.441804
13332	0.398708
13341	0.379555
13350	0.410679
13359	0.403497
13368	0.393920
13377	0.365190
13386	0.298152
13395	0.322094
13405	0.271816
13414	0.207172
13423	0.192807
13432	0.232311
13441	0.101827
13451	0.062323
13460	0.001271
13469	-0.051401
13477	-0.035839
13486	-0.090906
13496	-0.270471
13505	-0.238149
13514	-0.147170
13523	-0.300398
13533	-0.380604
13542	-0.378210
13551	-0.473978
13560	-0.385393
13569	-0.399758
13579	-0.645164
13588	-0.626010
13597	-0.523059
13605	-0.603265
13614	-0.549395
13624	-0.560169
13633	-0.618827
13642	-0.511088
13651	-0.410532
13661	-0.574535
13670	-0.485949
13679	-0.344691
13688	-0.411729
13697	-0.365042
13707	-0.222587
13716	-0.228572
13725	-0.141184
13734	-0.144775
13742	-0.089709
13752	-0.015489
13761	0.050352
13770	0.008453
13779	0.028804
13789	0.173653
13798	0.119784
13807	0.080280
13816	0.168865
13825	0.340050
13835	0.326882
13843	0.156894
13852	0.226326
13861	0.350824
13870	0.323291
13880	0.195201
13889	0.281393
13898	0.358007
13907	0.352021
13917	0.211961
13926	0.292166
13935	0.407088
13944	0.372372
13953	0.295758
13962	0.344839
13971	0.470534
13980	0.385540
13989	0.301743
13998	0.420256
14008	0.367584
14017	0.464549
14026	0.384343
14035	0.264633
14045	0.433424
14054	0.487294
14063	0.264633
14071	0.277801
14080	0.313714
14090	0.268224
14099	0.261042
14108	0.171259
14117	0.126966
14126	0.009651
14136	0.095842
14145	-0.095694
14154	-0.137593
14163	0.026410
14173	-0.178294
14181	-0.247726
14190	-0.257303
14199	-0.290822
14208	-0.312369
14218	-0.329129
14227	-0.617630
14236	-0.489540
14245	-0.259697
14254	-0.558972
14264	-0.725369
14273	-0.447642
14282	-0.489540
14291	-0.494329
14301	-0.639178
14310	-0.697836
14318	-0.366239
14327	-0.388984
14336	-0.673894
14346	-0.485949
14355	-0.308778
14364	-0.417714
14373	-0.343494
14382	-0.305187
14392	-0.239346
14401	-0.082526
14410	-0.147170
14419	-0.222587
14429	0.008453
14438	0.027607
14446	-0.052599
14455	0.083871
14464	0.164077
14474	0.136543
14483	0.225129
14492	0.196398
14501	0.222735
14510	0.375963
14520	0.199990
14529	0.147317
14538	0.375963
14547	0.246677
14555	0.227523
14565	0.421453
14574	0.341248
14583	0.325685
14592	0.338853
14602	0.197595
14611	0.307729
14620	0.480111
14629	0.271816
14638	0.311320
14648	0.451381
14657	0.320897
14666	0.363992
14674	0.419059
14683	0.371175
14693	0.294561
14702	0.499265
14711	0.324488
14720	0.318503
14730	0.482505
14739	0.324488
14748	0.302940
14757	0.389132
14766	0.192807
14776	0.141332
14785	0.276604
14793	0.093448
14802	0.062323
14811	0.141332
14821	-0.098089
14830	-0.080132
14839	-0.058584
14848	-0.220193
14858	-0.259697
14867	-0.232164
14876	-0.269274
14885	-0.335114
14894	-0.393772
14904	-0.517074
14913	-0.421306
14922	-0.454825
14930	-0.560169
14939	-0.533833
14949	-0.554184
14958	-0.563761
14967	-0.521862
14976	-0.708610
14986	-0.569746
14995	-0.430882