# a 2.8V en la columna 2
0	0.138211
10	-1.435976
18	0.601489
27	1.240741
36	-0.346615
45	-0.778768
55	0.303411
63	0.126240
72	-0.776374
81	-0.758417
91	-0.536954
99	-0.734475
108	-1.189374
117	-1.057693
126	-0.952348
136	-1.457524
145	-1.402458
153	-1.389290
162	-1.710113
171	-1.755602
181	-1.678988
190	-2.108747
199	-1.744828
207	-2.051286
217	-2.569631
226	-1.793910
235	-1.878904
244	-2.244019
253	-2.068046
262	-1.868130
271	-1.991431
280	-1.833414
289	-1.738843
298	-1.482663
308	-1.452736
316	-1.536533
325	-1.352180
334	-1.079241
343	-1.115154
353	-0.947559
362	-0.915238
370	-0.970304
379	-0.603991
389	-0.489070
398	-0.704548
407	-0.673423
416	-0.408864
424	-0.164655
434	0.162153
443	-0.365768
452	-0.587232
461	0.339324
470	0.465020
479	-1.050510
488	0.633811
497	2.312146
506	0.921115
516	-0.167050
524	1.227573
533	1.719581
542	0.734367
551	0.882808
561	2.174479
570	2.016462
578	1.231164
587	1.440657
596	2.016462
606	1.619025
615	1.317355
624	1.982944
632	1.947031
641	1.538819
651	1.519665
660	1.669303
669	1.650149
677	1.705216
687	1.584309
696	1.524454
705	1.526848
714	1.298202
723	1.245529
732	1.316158
741	1.009701
750	0.840909
759	0.638599
768	0.559591
778	0.992941
786	0.843303
795	0.206446
804	1.528045
813	-1.288733
823	-0.848200
831	0.948648
840	1.055190
849	-0.746446
859	-0.522589
868	0.231585
877	-0.581246
885	-0.999035
894	-0.217328
904	-0.443580
913	-1.125927
922	-0.860171
931	-0.841017
939	-1.401261
949	-1.517379
958	-1.425203
967	-1.631104
976	-1.607162
986	-1.724478
994	-1.975869
1003	-2.119521
1012	-1.945941
1021	-1.889678
1031	-2.273947
1040	-2.250005
1049	-1.757997
1058	-2.010585
1066	-2.066849
1076	-1.719689
1085	-1.561672
1094	-1.786727
1103	-1.801092
1113	-1.368939
1122	-1.220498
1131	-1.468298
1139	-1.195359
1148	-0.870945
1158	-1.113956
1167	-0.954742
1176	-0.595612
1185	-0.653073
1194	-1.050510
1204	-0.632722
1213	-0.235284
1221	-0.528574
1230	-0.240073
1239	0.217220
1249	-0.371754
1258	-0.514209
1267	0.345310
1276	0.522480
1286	-0.959530
1294	0.406362
1303	2.121807
1312	1.179689
1321	-0.290351
1331	1.058782
1340	1.572338
1349	0.700849
1358	0.963014
1366	2.136172
1376	1.663318
1385	0.838515
1394	1.470584
1403	2.079909
1413	1.519665
1422	1.402350
1431	1.899146
1439	1.852460
1448	1.580718
1458	1.741129
1467	1.639376
1476	1.514877
1485	1.494526
1494	1.426292
1504	1.476570
1512	1.300596
1521	1.335312
1530	1.300596
1540	1.069555
1549	0.886399
1558	0.648176
1567	0.631417
1575	0.813376
1585	0.723593
1594	0.329747
1603	0.403968
1612	1.440657
1621	-1.087620
1631	-0.916435
1640	0.972590
1648	0.736762
1657	-0.625539
1666	-0.230496
1676	0.380026
1685	-0.584838
1694	-1.257608
1703	-0.486676
1713	-0.688986
1722	-1.104380
1730	-0.752432
1739	-0.773980
1748	-1.192965
1758	-1.254017
1767	-1.392881
1776	-1.552095
1785	-2.027344
1794	-1.767573
1803	-1.397669
1812	-1.908831
1821	-2.056075
1830	-1.746026
1840	-1.889678
1849	-2.199727
1858	-2.045301
1867	-1.908831
1876	-1.956715
1885	-1.730463
1894	-1.520971
1903	-1.506605
1912	-1.457524
1921	-1.348588
1931	-1.056495
1940	-1.197753
1949	-1.125927
1958	-0.882916
1967	-0.918829
1976	-0.747643
1985	-0.703351
1994	-0.832638
2003	-0.773980
2013	-0.376542
2022	-0.286760
2031	-0.554910
2039	-0.137122
2048	0.160956
2058	-0.358586
2067	-0.018609
2076	0.602686
2085	-0.048537
2095	-0.948756
2104	1.364042
2112	2.150537
2121	-0.023397
2130	-0.478296
2140	1.471781
2149	1.987732
2158	0.681695
2167	0.673315
2176	1.585506
2185	1.633390
2194	1.106666
2203	1.574732
2212	1.914709
2221	1.483752
2231	1.322144
2240	1.644164
2249	1.730355
2257	1.556776
2267	1.684865
2276	1.581915
2285	1.472979
2294	1.360451
2303	1.364042
2313	1.348480
2322	1.269471
2330	1.051599
2339	1.067161
2348	0.977379
2358	0.536846
2367	0.718805
2376	0.897173
2385	0.663738
2394	0.376434
2403	0.383617
2412	1.073147
2421	0.134620
2430	-1.305492
2440	0.718805
2449	1.247924
2458	-0.382528
2467	-1.103183
2475	0.394391
2485	0.241162
2494	-1.016991
2503	-0.550122
2512	-0.165853
2522	-0.989458
2531	-1.281550
2540	-0.782359
2548	-0.926012
2557	-1.230075
2567	-1.140293
2576	-1.410837
2585	-1.688565
2594	-1.453933
2603	-1.491043
2613	-1.945941
2622	-2.058469
2630	-1.684973
2639	-1.772362
2649	-2.059666
2658	-1.889678
2667	-1.671805
2676	-1.720886
2685	-1.793910
2695	-1.652652
2704	-1.455130
2712	-1.349785
2721	-1.386895
2730	-1.231272
2740	-0.983472
2749	-0.960727
2758	-0.951151
2767	-0.842214
2777	-0.813484
2785	-0.781162
2794	-0.704548
2803	-0.712928
2812	-0.507026
2822	-0.449565
2831	-0.435200
2840	-0.204160
2849	0.138211
2858	-0.426821
2867	-0.441186
2876	0.482976
2885	0.633811
2894	-0.524983
2903	-0.660255
2913	1.799787
2922	1.927877
2931	-0.346615
2939	-0.311899
2949	1.781831
2958	2.137370
2967	0.478188
2976	0.569167
2985	2.038010
2995	1.462205
3004	0.748733
3012	1.560367
3021	1.929074
3030	1.125819
3040	1.279048
3049	1.815349
3058	1.577126
3067	1.246726
3077	1.456219
3085	1.585506
3094	1.451431
3103	1.198843
3112	1.239544
3122	1.301793
3131	0.977379
3140	0.931889
3149	0.891188
3157	0.772675
3167	0.836121
3176	0.790631
3185	0.646979
3194	0.393194
3204	0.378828
3213	1.040825
3222	0.581138
3230	-1.123533
3239	-0.206554
3249	1.263486
3258	0.119057
3267	-1.003823
3276	0.402770
3285	0.487765
3294	-0.970304
3303	-1.000232
3312	-0.177824
3321	-0.814681
3330	-1.140293
3340	-0.602794
3349	-0.680606
3358	-1.014597
3367	-1.072058
3376	-1.431188
3385	-1.635892
3394	-1.408443
3403	-1.541321
3412	-1.574840
3422	-1.724478
3431	-1.813063
3440	-1.570052
3449	-1.884889
3457	-1.937562
3467	-1.742434
3476	-1.773559
3485	-1.673002
3494	-1.561672
3504	-1.413232
3513	-1.301901
3522	-1.149869
3530	-1.026568
3539	-1.135504
3549	-1.097197
3558	-0.897281
3567	-0.842214
3576	-0.896084
3585	-0.795528
3595	-0.665044
3604	-0.665044
3612	-0.687788
3621	-0.462734
3631	-0.394499
3640	-0.320279
3649	0.050823
3658	-0.004244
3667	-0.327461
3677	0.068779
3685	0.690075
3694	0.463823
3703	-0.654270
3712	-0.262818
3722	1.986535
3731	1.283837
3740	-0.303519
3749	0.080750
3757	1.762677
3767	1.523257
3776	0.371646
3785	0.909144
3794	1.743523
3804	1.216799
3813	0.905553
3822	1.698034
3830	1.674092
3839	1.207222
3849	1.316158
3858	1.561564
3867	1.410729
3876	1.326932
3885	1.353268
3895	1.307779
3903	1.217996
3912	1.155747
3921	1.192857
3931	0.991744
3940	0.852880
3949	0.897173
3958	0.852880
3967	0.627825
3976	0.764295
3985	0.870837
3994	0.393194
4003	0.311791
4012	0.880414
4022	1.426292
4031	-1.333026
4040	-0.734475
4048	1.105469
4058	0.806193
4067	-0.954742
4076	-0.582444
4085	0.472202
4094	-0.292745
4104	-1.226484
4113	-0.491464
4122	-0.186203
4130	-0.951151
4139	-0.911646
4149	-0.620751
4158	-0.967910
4167	-1.139096
4176	-0.868551
4186	-1.182191
4195	-1.424005
4203	-1.362953
4212	-1.297113
4221	-1.577234
4231	-1.858553
4240	-1.803486
4249	-1.657440
4258	-1.899254
4267	-1.901649
4277	-1.723281
4285	-1.705324
4294	-1.522168
4303	-1.513788
4313	-1.347391
4322	-1.128322
4331	-1.055298
4340	-0.888901
4349	-0.860171
4359	-0.921223
4367	-0.894887
4376	-0.710533
4385	-0.791936
4394	-0.699759
4404	-0.758417
4413	-0.838623
4422	-0.526180
4431	-0.335841
4439	-0.511815
4449	-0.219722
4458	0.227994
4467	-0.225708
4476	-0.491464
4486	0.457837
4495	0.855275
4504	-0.019806
4513	-0.847003
4521	1.220390
4531	2.156523
4540	0.498539
4549	-0.554910
4558	0.544028
4567	1.830912
4577	1.074344
4586	0.262710
4594	0.898370
4603	1.696836
4613	1.036037
4622	0.875625
4631	1.591491
4640	1.567549
4649	1.203631
4658	1.335312
4667	1.547199
4676	1.384393
4685	1.397561
4694	1.269471
4704	1.232361
4713	1.192857
4722	1.027657
4731	1.004912
4740	0.961816
4749	0.730776
4758	0.680498
4767	0.725988
4776	0.686483
4786	0.541634
4795	0.515298
4803	0.486567
4812	0.631417
4821	1.085118
4831	-0.773980
4840	-0.943968
4849	1.297005
4858	1.012095
4868	-0.880522
4876	-0.981078
4885	0.542831
4894	0.174124
4903	-1.031356
4913	-0.687788
4922	-0.159867
4931	-0.814681
4940	-1.277959
4949	-0.690183
4958	-0.823061
4967	-1.131913
4976	-0.833835
4985	-0.744052
4994	-1.188177
5004	-1.446750
5013	-1.694550
5022	-1.383304
5030	-1.450342
5040	-1.675397
5049	-1.719689
5058	-1.632301
5067	-1.688565
5076	-1.729266
5086	-1.678988
5095	-1.687368
5104	-1.578432
5113	-1.463510
5121	-1.361756
5131	-1.107971
5140	-1.143884
5149	-0.839820
5158	-0.607583
5168	-0.947559
5177	-0.922420
5186	-0.563290
5194	-0.475902
5203	-0.521391
5213	-0.667438
5222	-0.690183
5231	-0.575261
5240	-0.416047
5249	-0.412455
5259	0.099904
5267	0.132226
5276	-0.566881
5285	-0.241270
5295	0.736762
5304	0.576350
5313	-0.129939
5322	-0.838623
5331	1.625010
5341	2.138566
5349	0.393194
5358	-0.647087
5367	0.884005
5376	2.053573
5386	1.077935
5395	0.328550
5404	1.052796
5412	1.477767
5421	0.879217
5431	0.985758
5440	1.640573
5449	1.395167
5458	1.063570
5468	1.360451
5477	1.490935
5485	1.189266
5494	1.281442
5503	1.423897
5513	1.225179
5522	1.122228
5531	1.045614
5540	0.996532
5549	0.918721
5558	0.751127
5567	0.771477
5576	0.804996
5585	0.636205
5595	0.304608
5604	0.512904
5613	0.758309
5622	1.022869
5630	-0.696168
5640	-0.934391
5649	1.153353
5658	1.103074
5667	-0.715322
5676	-0.940377
5686	0.435092
5695	0.617051
5703	-0.975093
5712	-0.599203
5722	0.087933
5731	-0.698562
5740	-1.574840
5749	-0.742855
5758	-0.382528
5768	-1.103183
5776	-1.034948
5785	-0.647087
5794	-1.124730
5803	-1.450342
5813	-1.346194
5822	-1.562869
5831	-1.910028
5840	-1.603571
5850	-1.243243
5858	-1.604768
5867	-1.796304
5876	-1.718492
5885	-1.540124
5895	-1.711310
5904	-1.714901
5913	-1.441962
5922	-1.315069
5931	-1.366545
5940	-1.194162
5949	-0.863762
5958	-0.915238
5967	-0.878127
5977	-0.783557
5986	-0.797922
5995	-0.661452
6004	-0.422032
6013	-0.583641
6022	-0.576458
6031	-0.480690
6040	-0.505829
6049	-0.422032
6058	-0.241270
6068	-0.023397
6077	-0.071282
6086	-0.298731
6094	0.052020
6103	0.498539
6113	0.333339
6122	-0.216131
6131	-0.110786
6140	2.200816
6150	1.508892
6159	-0.171838
6167	0.162153
6176	1.275457
6185	1.571141
6195	0.546422
6204	1.202434
6213	1.590294
6222	1.019277
6231	1.001321
6240	1.259895
6249	1.263486
6258	1.348480
6267	1.385590
6277	1.217996
6286	1.220390
6295	1.326932
6304	1.300596
6312	1.379605
6322	1.195251
6331	1.016883
6340	1.162929
6349	0.861260
6358	0.801405
6368	0.960619
6376	0.796617
6385	0.693666
6394	0.550014
6404	0.390799
6413	0.469808
6422	1.015686
6431	0.833727
6440	-1.412034
6449	-0.592020
6458	1.385590
6467	0.467414
6476	-0.905661
6485	-0.552516
6495	0.723593
6504	-0.511815
6513	-1.305492
6521	-0.153882
6530	-0.003047
6540	-0.805104
6549	-0.890099
6558	-0.502238
6567	-0.824258
6577	-1.275565
6586	-1.122336
6595	-0.912843
6603	-1.081635
6612	-1.180994
6622	-1.175009
6631	-1.439568
6640	-1.923196
6649	-1.614345
6658	-1.453933
6668	-1.835808
6677	-1.621527
6685	-1.616739
6694	-1.532942
6704	-1.488649
6713	-1.556884
6722	-1.498226
6731	-1.380910
6740	-1.355771
6750	-1.121139
6759	-0.952348
6767	-1.062481
6776	-0.741658
6785	-0.629130
6795	-0.801513
6804	-0.764403
6813	-0.539348
6822	-0.587232
6832	-0.539348
6840	-0.577655
6849	-0.443580
6858	-0.302322
6867	0.080750
6877	0.090327
6886	-0.359783
6895	-0.359783
6904	0.449457
6912	0.621840
6922	0.029275
6931	-0.635116
6940	0.826544
6949	2.198422
6959	0.656556
6968	-0.259226
6977	0.618249
6985	1.841686
6994	1.068358
7004	0.235176
7013	1.455022
7022	1.652544
7031	0.889990
7040	1.044416
7050	1.492132
7058	1.447839
7067	1.206025
7076	1.411926
7085	1.352071
7095	1.340100
7104	1.226376
7113	1.289822
7122	1.325735
7131	1.103074
7140	1.013292
7149	1.062373
7158	0.891188
7167	0.939072
7177	0.831332
7186	0.748733
7195	0.637402
7203	0.480582
7212	0.480582
7222	0.437486
7231	1.103074
7240	-0.098815
7249	-1.203739
7259	0.559591
7268	1.204828
7276	-0.264015
7285	-1.121139
7294	0.341718
7304	0.731973
7313	-0.675817
7322	-1.129519
7331	-0.164655
7340	-0.432806
7349	-1.197753
7358	-0.721307
7367	-0.295139
7376	-0.966713
7386	-1.124730
7395	-0.856580
7404	-1.148672
7413	-1.362953
7422	-1.433582
7431	-1.465904
7440	-1.717295
7449	-1.421611
7458	-1.364151
7467	-1.760391
7477	-1.864539
7486	-1.574840
7495	-1.690959
7504	-1.761588
7513	-1.583220
7522	-1.481466
7531	-1.386895
7540	-1.254017
7549	-1.075649
7559	-1.028962
7568	-0.955939
7577	-0.854185
7586	-0.633919
7594	-0.832638
7604	-0.906858
7613	-0.528574
7622	-0.460339
7631	-0.587232
7641	-0.706942
7650	-0.569275
7659	-0.307110
7667	-0.261621
7676	0.103495
7686	0.044837
7695	-0.274789
7704	0.283060
7713	0.505721
7722	0.201657
7731	-0.511815
7740	0.031669
7749	2.097865
7758	1.482555
7767	-0.186203
7777	-0.094026
7786	1.403547
7795	1.560367
7804	0.682892
7813	0.963014
7822	1.578323
7831	1.067161
7840	0.995335
7849	1.358057
7859	1.337706
7868	1.335312
7876	1.410729
7885	1.438263
7894	1.295808
7904	1.295808
7913	1.332918
7922	1.317355
7931	1.133002
7941	1.063570
7950	1.068358
7958	0.934283
7967	0.897173
7976	0.879217
7986	0.751127
7995	0.702046
8004	0.564379
8013	0.401573
8021	0.530860
8031	0.783448
8040	1.088709
8049	-1.110365
8058	-0.842214
8068	1.131805
8077	1.051599
8086	-0.833835
8094	-1.020582
8103	0.498539
8113	-0.104800
8122	-1.226484
8131	-0.392105
8140	0.286652
8149	-0.869748
8159	-1.233666
8168	-0.747643
8176	-0.751235
8185	-1.173811
8194	-0.975093
8204	-0.618357
8213	-1.084029
8222	-1.226484
8231	-1.218104
8241	-1.767573
8250	-1.945941
8258	-1.339011
8267	-1.586811
8276	-2.033330
8286	-1.663426
8295	-1.459918
8304	-1.730463
8313	-1.789121
8322	-1.456327
8332	-1.298310
8340	-1.394078
8349	-1.328238
8358	-0.881719
8368	-0.911646
8377	-1.072058
8386	-0.726096
8395	-0.671029
8404	-0.896084
8413	-0.685394
8422	-0.523786
8431	-0.656664
8440	-0.589626
8449	-0.495055
8459	-0.520194
8468	-0.445974
8477	0.116663
8486	0.305805
8495	-0.368163
8504	-0.558502
8513	0.456640
8522	0.794222
8531	-0.011426
8541	-0.611174
8550	1.526848
8559	1.957804
8567	0.320170
8576	-0.314293
8586	0.784646
8595	1.907526
8604	0.882808
8613	0.475794
8623	1.364042
8631	1.332918
8640	0.868443
8649	1.201237
8658	1.499315
8668	1.359254
8677	1.305384
8686	1.390379
8695	1.306581
8703	1.310173
8713	1.282639
8722	1.380802
8731	1.255106
8740	1.055190
8749	1.127016
8759	1.051599
8768	0.846895
8776	0.886399
8785	0.882808
8795	0.715214
8804	0.606278
8813	0.455443
8822	0.558393
8831	0.597898
8841	1.092301
8849	-0.163458
8858	-1.018188
8867	0.374040
8876	1.196448
8886	-0.243664
8895	-1.005020
8904	0.304608
8913	0.747535
8922	-0.960727
8931	-0.931997
8940	-0.044945
8949	-0.635116
8958	-1.416823
8968	-0.748841
8977	-0.302322
8986	-0.973896
8994	-1.067269
9003	-0.893690
9013	-1.078043
9022	-1.364151
9031	-1.486255
9040	-1.410837
9050	-1.645469
9059	-1.507802
9068	-1.452736
9076	-1.750814
9085	-1.932773
9095	-1.556884
9104	-1.671805
9113	-1.856159
9122	-1.520971
9131	-1.440765
9141	-1.270776
9150	-1.194162
9158	-1.066072
9167	-0.896084
9177	-1.129519
9186	-0.914041
9195	-0.592020
9204	-0.852988
9213	-0.882916
9223	-0.422032
9231	-0.466325
9240	-0.601597
9249	-0.688986
9258	-0.475902
9268	-0.455551
9277	-0.220919
9286	0.115466
9295	-0.071282
9305	-0.413652
9313	0.055611
9322	0.547620
9331	0.393194
9340	-0.426821
9350	0.054414
9359	2.197225
9368	1.137790
9377	-0.059311
9385	0.188489
9395	1.732749
9404	1.411926
9413	0.374040
9422	1.092301
9431	1.713596
9441	1.031248
9450	0.906750
9458	1.253909
9467	1.534031
9477	1.419109
9486	1.305384
9495	1.352071
9504	1.386787
9513	1.300596
9523	1.282639
9531	1.238347
9540	1.103074
9549	1.104272
9558	1.038431
9568	0.947451
9577	0.905553
9586	0.833727
9595	0.703243
9604	0.736762
9613	0.499736
9622	0.517692
9631	0.577547
9640	0.849289
9650	0.848092
9659	-1.378516
9668	-0.473507
9676	1.420306
9685	0.512904
9695	-1.091212
9704	-0.601597
9713	0.724791
9722	-0.553713
9732	-1.310281
9741	-0.235284
9749	-0.094026
9758	-1.039736
9767	-0.818272
9777	-0.547728
9786	-0.824258
9795	-1.233666
9804	-1.036145
9813	-0.842214
9822	-1.151067
9831	-1.325843
9840	-1.366545
9849	-1.485058
9858	-1.674200
9868	-1.536533
9877	-1.772362
9886	-1.859750
9895	-1.668214
9905	-1.641878
9913	-1.687368
9922	-1.564066
9931	-1.503014
9940	-1.248032
9950	-1.373727
9959	-1.265988
9968	-0.912843
9977	-1.110365
9986	-0.886507
9995	-0.672226
10004	-0.955939
10013	-0.838623
10022	-0.495055
10032	-0.603991
10041	-0.799119
10050	-0.669832
10059	-0.448368
10068	-0.357389
10078	-0.298731
10087	0.056808
10096	0.097510
10104	-0.297534
10113	-0.224510
10123	0.611066
10132	0.587124
10141	-0.417244
10150	-0.368163
10160	1.779436
10169	1.894358
10178	-0.102406
10187	-0.354994
10196	1.391576
10206	1.684865
10215	0.711622
10224	0.444669
10233	1.263486
10241	1.518468
10251	0.889990
10260	1.052796
10269	1.693245
10278	1.346086
10288	1.032445
10297	1.361648
10306	1.489738
10315	1.243135
10324	1.255106
10334	1.313764
10343	1.137790
10352	1.015686
10360	1.082724
10369	0.998927
10379	0.729579
10388	0.754718
10397	0.827741
10406	0.758309
10416	0.423121
10425	0.544028
10434	0.593109
10443	0.861260
10452	1.016883
10462	-1.268382
10470	-0.675817
10479	1.449037
10488	0.708031
10497	-1.125927
10507	-0.453157
10516	0.696060
10525	-0.619554
10534	-1.227681
10544	-0.244861
10553	-0.204160
10562	-0.878127
10571	-0.754826
10580	-0.462734
10590	-0.821864
10599	-1.346194
10607	-0.957136
10616	-0.686591
10625	-1.318661
10635	-1.267185
10644	-1.413232
10653	-1.408443
10662	-1.468298
10672	-1.561672
10681	-1.895663
10690	-1.740040
10699	-1.677791
10708	-1.865736
10718	-1.512591
10727	-1.449145
10736	-1.535336
10745	-1.301901
10754	-1.240849
10763	-1.073255
10772	-0.975093
10781	-0.993049
10790	-0.747643
10800	-0.739264
10809	-0.960727
10818	-0.590823
10827	-0.598006
10836	-0.756023
10846	-0.690183
10855	-0.489070
10864	-0.462734
10873	-0.501041
10882	-0.304716
10892	0.016107
10900	0.067582
10909	-0.331052
10918	0.237570
10928	0.837318
10937	0.322565
10946	-0.556107
10955	0.062794
10964	2.217575
10974	1.567549
10983	-0.442383
10992	-0.032974
11001	1.778239
11010	1.585506
11019	0.476991
11028	0.496144
11037	1.443051
11046	1.396364
11056	0.840909
11065	1.185674
11074	1.577126
11083	1.308976
11092	1.065964
11102	1.294610
11111	1.551987
11120	1.323341
11129	1.167718
11137	1.341297
11147	1.131805
11156	0.939072
11165	1.007306
11174	0.947451
11184	0.752324
11193	0.743944
11202	0.833727
11211	0.491356
11220	0.448260
11230	0.572759
11239	0.517692
11248	1.033643
11256	0.133423
11265	-0.963122
11275	0.216023
11284	1.287428
11293	-0.291548
11302	-1.203739
11312	0.356083
11321	0.867246
11330	-0.850594
11339	-1.024174
11348	-0.299928
11358	-0.818272
11367	-1.183388
11376	-0.642299
11385	-0.554910
11393	-0.905661
11403	-1.026568
11412	-0.851791
11421	-1.011006
11430	-1.382107
11440	-1.447947
11449	-1.610753
11458	-1.429991
11467	-1.270776
11476	-1.507802
11486	-1.850173
11495	-1.665820
11504	-1.407246
11513	-1.837005
11522	-1.763982
11531	-1.431188
11540	-1.312675
11549	-1.349785
11558	-1.160643
11568	-0.933194
11577	-0.890099
11586	-0.861368
11595	-0.775177
11604	-0.864959
11614	-0.845806
11623	-0.505829
11632	-0.509420
11641	-0.807499
11650	-0.716519
11660	-0.406470
11668	-0.386119
11677	-0.430412
11686	-0.175429
11696	0.091524
11705	-0.297534
11714	-0.443580
11723	0.335733
11732	0.952240
11742	0.309397
11751	-0.547728
11760	0.007727
11769	2.282219
11778	1.383196
11788	-0.605188
11796	-0.067690
11805	1.713596
11814	1.862036
11824	0.736762
11833	0.364463
11842	1.275457
11851	1.322144
11860	0.857669
11870	1.220390
11879	1.650149
11888	1.328129
11897	1.154550
11906	1.307779
11915	1.450234
11924	1.281442
11933	1.207222
11942	1.259895
11952	1.117440
11961	0.887596
11970	0.948648
11979	1.055190
11988	0.765492
11998	0.715214
12007	0.775069
12016	0.465020
12025	0.441078
12034	0.614657
12043	0.746338
12052	1.070753
12061	-0.842214
12070	-0.654270
12080	1.159338
12089	1.085118
12098	-0.813484
12107	-0.985867
12116	0.661344
12126	0.533254
12135	-1.020582
12144	-0.522589
12153	0.092721
12161	-0.884113
12171	-1.233666
12180	-0.589626
12189	-0.698562
12198	-1.020582
12208	-0.893690
12217	-0.720110
12226	-1.044524
12235	-1.361756
12244	-1.516182
12254	-1.588008
12263	-1.355771
12272	-1.425203
12281	-1.796304
12290	-1.730463
12300	-1.465904
12308	-1.556884
12317	-1.828626
12326	-1.517379
12336	-1.306689
12345	-1.567658
12354	-1.370136
12363	-1.160643
12372	-0.978684
12382	-0.970304
12391	-0.933194
12400	-0.703351
12409	-0.771586
12418	-0.747643
12428	-0.505829
12437	-0.679409
12446	-0.787148
12454	-0.594415
12464	-0.317884
12473	-0.523786
12482	-0.346615
12491	0.034063
12500	-0.000653
12510	-0.323870
12519	-0.334644
12528	0.354886
12537	0.799011
12546	0.330944
12556	-0.762009
12565	0.638599
12574	2.218772
12582	1.244332
12592	-0.669832
12601	0.114269
12610	1.852460
12619	1.562761
12628	0.656556
12638	0.730776
12647	1.387984
12656	1.370028
12665	0.764295
12674	1.194054
12684	1.650149
12693	1.301793
12701	0.982167
12710	1.419109
12720	1.415518
12729	1.085118
12738	1.201237
12747	1.328129
12756	1.050402
12766	0.928298
12775	0.948648
12784	0.929495
12793	0.797814
12802	0.785843
12812	0.661344
12820	0.524875
12829	0.462625
12838	0.587124
12848	0.807390
12857	0.862457
12866	-1.318661
12875	-0.474705
12884	1.235953
12894	0.848092
12903	-0.897281
12912	-0.657861
12921	0.626628
12930	-0.450763
12940	-1.376121
12948	-0.199371
12957	0.058005
12966	-0.861368
12976	-1.018188
12985	-0.510617
12994	-0.855383
13003	-1.166629
13012	-0.948756
13022	-0.847003
13031	-1.015794
13040	-1.219301
13049	-1.166629
13058	-1.543715
13068	-1.862144
13077	-1.355771
13085	-1.543715
13094	-1.978263
13104	-1.750814
13113	-1.520971
13122	-1.422808
13131	-1.579629
13140	-1.528153
13150	-1.040933
13159	-1.137898
13168	-1.424005
13177	-0.987064
13186	-0.837426
13196	-1.113956
13205	-0.785951
13214	-0.736870
13223	-0.872142
13232	-0.608780
13241	-0.657861
13250	-0.679409
13259	-0.437594
13268	-0.648284
13278	-0.515406
13287	-0.267606
13296	0.067582
13305	-0.028186
13314	-0.320279
13324	-0.262818
13333	0.396785
13342	0.590715
13351	0.110678
13360	-0.644693
13369	0.809785
13378	2.156523
13387	0.937874
13396	-0.438792
13406	0.229191
13415	1.744720
13424	1.097089
13433	0.403968
13442	1.012095
13452	1.587900
13461	1.178492
13470	0.985758
13478	1.135396
13488	1.422700
13497	1.477767
13506	1.191660
13515	1.336509
13524	1.423897
13534	1.073147
13543	1.189266
13552	1.381999
13561	1.001321
13570	0.960619
13580	1.003715
13589	0.737959
13597	0.779857
13606	0.854077
13616	0.620643
13625	0.514101
13634	0.450654
13643	0.520086
13652	0.810982
13662	1.086315
13671	-1.176206
13680	-0.750038
13689	1.127016
13698	1.001321
13708	-0.781162
13716	-0.963122
13725	0.595504
13734	-0.010229
13744	-1.297113
13753	-0.261621
13762	0.121452
13771	-0.722504
13780	-0.976290
13790	-0.624342
13799	-1.013400
13808	-0.863762
13817	-0.979881
13826	-0.936785
13836	-0.866156
13845	-1.142687
13853	-1.230075
13862	-1.287536
13872	-1.616739
13881	-1.804683
13890	-1.605965
13899	-1.568855
13908	-1.374924
13918	-1.723281
13927	-1.787924
13936	-1.312675
13945	-1.501817
13954	-1.713704
13964	-1.139096
13973	-1.078043
13982	-1.339011
13991	-1.068466
14000	-0.935588
14009	-0.716519
14018	-0.705745
14027	-0.845806
14036	-0.581246
14046	-0.581246
14055	-0.724899
14064	-0.453157
14073	-0.310702
14082	-0.580049
14092	-0.485478
14101	-0.035369
14110	0.067582
14119	-0.185006
14129	-0.366965
14137	0.301017
14146	0.716411
14155	0.052020
14164	-0.647087
14174	0.500933
14183	2.176874
14192	1.052796
14201	-0.376542
14210	0.781054
14220	1.706413
14229	0.837318
14238	0.371646
14247	1.190463
14256	1.519665
14265	1.104272
14274	0.868443
14283	1.492132
14292	1.486147
14302	1.082724
14311	1.322144
14320	1.580718
14329	1.277851
14338	1.118637
14348	1.129411
14357	1.237150
14366	1.074344
14375	1.048008
14384	1.103074
14393	0.982167
14402	0.700849
14411	0.899567
14420	0.764295
14430	0.558393
14439	0.481779
14448	0.481779
14457	0.469808
14466	1.142579
14476	-0.174232
14485	-1.042130
14493	0.600292
14502	1.227573
14512	-0.679409
14521	-0.995443
14530	0.516495
14539	0.765492
14548	-0.923617
14558	-0.939180
14567	-0.143108
14576	-0.471113
14585	-1.206133
14594	-0.587232
14604	-0.612371
14613	-0.967910
14621	-1.006217
14630	-0.738067
14640	-1.122336
14649	-1.379713
14658	-1.128322
14667	-1.426400
14676	-1.523365
14686	-1.421611
14695	-1.726872
14704	-1.768770
14713	-1.438371
14722	-1.639484
14732	-1.883692
14741	-1.699339
14750	-1.459918
14759	-1.428794
14769	-1.523365
14777	-1.279156
14786	-0.967910
14795	-1.201345
14804	-0.991852
14814	-0.705745
14823	-0.896084
14832	-0.845806
14841	-0.547728
14850	-0.642299
14860	-0.623145
14869	-0.583641
14878	-0.411258
14887	-0.340629
14897	-0.428018
14906	-0.378936
14915	-0.000653
14923	-0.141910
14932	-0.347812
14942	0.218417
14951	0.572759
14960	0.126240
14969	-0.520194
14978	-0.406470
14988	2.215181
14997	1.478964