#piso 1 en el suelo a 2.8V
0	-0.522853
8	-0.451027
17	-0.445042
26	-0.385187
35	-0.296601
45	-0.296601
53	-0.215198
62	-0.149358
71	-0.170906
80	-0.170906
89	-0.011691
98	-0.052393
107	-0.026056
116	-0.033239
126	-0.047604
134	-0.093094
143	-0.070349
152	-0.091897
161	-0.046407
171	-0.047604
179	-0.051195
188	-0.035633
197	-0.027253
206	0.119990
216	0.159494
225	0.250474
233	0.310329
242	0.402506
251	0.414477
261	0.548552
270	0.700584
278	0.980706
287	1.050137
297	0.957961
306	0.892120
315	0.876558
324	0.876558
332	0.839448
342	0.808323
351	0.791563
360	0.749665
369	0.747271
377	0.659882
387	0.639532
396	0.596436
405	0.535384
414	0.512639
423	0.443207
432	0.335468
441	0.316314
450	0.316314
459	0.183436
469	0.140341
477	0.042178
486	-0.003311
495	0.055347
504	0.007462
514	0.045770
522	0.042178
531	0.036193
540	0.012251
549	0.037390
559	0.135552
568	0.112807
576	-0.008100
585	-0.071546
595	-0.083517
604	-0.176891
613	-0.191256
621	0.008660
630	-0.140978
640	-0.364836
649	-0.400749
658	-0.418705
667	-0.683265
675	-0.697630
685	-0.709601
694	-0.810157
703	-0.752697
712	-0.786215
721	-0.885575
730	-0.853253
739	-0.844873
748	-0.825720
757	-0.728754
767	-0.716784
775	-0.686856
784	-0.635381
793	-0.593482
802	-0.542007
812	-0.446239
821	-0.464195
829	-0.400749
838	-0.322937
847	-0.281039
857	-0.246323
866	-0.136190
875	-0.163723
883	-0.140978
892	-0.052393
902	-0.063166
911	-0.041619
920	-0.038027
929	-0.035633
938	-0.109853
947	-0.063166
956	-0.106262
965	0.024222
974	-0.053590
983	-0.015282
992	-0.119430
1001	-0.046407
1010	0.066120
1019	0.176254
1029	0.210970
1038	0.305541
1046	0.385746
1055	0.379761
1065	0.482711
1074	0.640729
1083	1.078868
1092	1.059714
1101	1.026195
1110	0.901697
1119	0.866981
1128	0.890923
1137	0.822688
1146	0.829871
1156	0.761636
1165	0.754453
1174	0.747271
1182	0.657488
1191	0.638335
1201	0.604816
1210	0.554538
1219	0.513836
1228	0.438419
1238	0.328286
1247	0.291175
1255	0.312723
1264	0.234912
1273	0.165480
1283	0.029010
1292	0.043375
1301	0.066120
1310	0.058938
1318	0.043375
1328	0.055347
1337	-0.030845
1346	-0.015282
1355	0.067318
1365	0.122384
1374	0.086471
1382	0.051755
1391	-0.028451
1400	-0.047604
1410	-0.228366
1419	-0.163723
1428	0.039784
1437	-0.134993
1446	-0.279842
1455	-0.366033
1464	-0.508488
1473	-0.666505
1482	-0.679673
1492	-0.739529
1501	-0.795792
1510	-0.753894
1519	-0.830508
1528	-0.895152
1537	-0.901137
1546	-0.848465
1555	-0.807763
1564	-0.726360
1573	-0.740726
1583	-0.650943
1592	-0.628198
1601	-0.577920
1609	-0.492926
1619	-0.445042
1628	-0.422297
1637	-0.325332
1646	-0.252308
1655	-0.300192
1665	-0.190059
1674	-0.204424
1682	-0.166117
1691	-0.091897
1700	-0.070349
1710	-0.072743
1719	0.081683
1728	-0.011691
1737	-0.082320
1747	-0.072743
1755	-0.022465
1764	0.009857
1773	0.008660
1782	-0.061969
1792	-0.146964
1801	-0.075137
1810	-0.033239
1819	0.049361
1827	0.122384
1837	0.163086
1846	0.237306
1855	0.291175
1864	0.457572
1873	0.667065
1883	1.059714
1891	0.947187
1900	0.942398
1909	0.793958
1919	0.877755
1928	0.929230
1937	0.878952
1946	0.847827
1955	0.815505
1964	0.802337
1973	0.781987
1982	0.719737
1991	0.681430
2000	0.641926
2010	0.592845
2019	0.521019
2028	0.506654
2036	0.390535
2046	0.351030
2055	0.341454
2064	0.206181
2073	0.131961
2082	0.063726
2092	0.043375
2100	0.105625
2109	0.119990
2118	0.054149
2127	0.019433
2137	-0.060772
2146	-0.045210
2155	0.036193
2163	0.105625
2172	0.091260
2182	0.039784
2191	-0.077532
2200	-0.124219
2209	-0.144569
2219	-0.125416
2228	0.027813
2236	-0.071546
2245	-0.163723
2254	-0.308572
2264	-0.379201
2273	-0.553978
2282	-0.630592
2291	-0.653337
2300	-0.676082
2309	-0.756288
2318	-0.836494
2327	-0.920291
2336	-0.880786
2346	-0.886772
2355	-0.836494
2364	-0.793398
2373	-0.798186
2382	-0.733543
2391	-0.666505
2400	-0.587497
2409	-0.556372
2418	-0.464195
2427	-0.448633
2437	-0.378004
2446	-0.278645
2455	-0.252308
2463	-0.179285
2473	-0.169708
2482	-0.161329
2491	-0.084714
2500	-0.033239
2509	-0.085911
2519	0.068515
2528	-0.038027
2536	-0.032042
2545	-0.049998
2554	-0.028451
2564	-0.028451
2573	-0.005706
2582	-0.106262
2591	-0.084714
2601	-0.073940
2609	-0.002114
2618	0.039784
2627	0.079289
2636	0.140341
2646	0.155903
2655	0.252868
2664	0.337862
2672	0.664671
2681	0.934018
2691	0.839448
2700	0.809520
2709	0.752059
2718	0.831068
2727	0.852616
2737	0.840645
2745	0.847827
2754	0.799943
2763	0.810717
2773	0.810717
2782	0.762833
2791	0.734103
2800	0.675445
2808	0.647911
2818	0.573691
2827	0.481514
2836	0.436025
2845	0.355819
2854	0.300752
2864	0.237306
2873	0.154706
2881	0.064923
2890	0.096048
2900	0.090062
2909	0.074500
2918	0.001477
2927	-0.008100
2936	-0.028451
2945	-0.065561
2954	0.031404
2963	0.096048
2972	0.084077
2981	0.098442
2991	-0.002114
3000	-0.102671
3009	-0.000917
3017	0.026616
3027	-0.059575
3036	-0.158935
3045	-0.132598
3054	-0.315755
3063	-0.465392
3073	-0.489334
3082	-0.607847
3090	-0.709601
3099	-0.598270
3108	-0.719178
3118	-0.798186
3127	-0.807763
3136	-0.842479
3145	-0.834099
3155	-0.768259
3163	-0.782624
3172	-0.771850
3181	-0.707207
3190	-0.702418
3200	-0.629395
3209	-0.575526
3218	-0.524050
3227	-0.486940
3235	-0.411523
3245	-0.330120
3254	-0.253505
3263	-0.240337
3272	-0.217593
3281	-0.137387
3291	-0.073940
3300	0.015842
3308	-0.035633
3317	0.012251
3327	-0.040422
3336	-0.024859
3345	-0.070349
3354	-0.016480
3363	-0.058378
3373	-0.044013
3381	-0.126613
3390	-0.133795
3399	-0.105065
3408	-0.052393
3418	0.048164
3427	0.026616
3436	0.076894
3444	0.125975
3454	0.233715
3463	0.532990
3472	0.851419
3481	0.815505
3490	0.791563
3500	0.742482
3509	0.714949
3517	0.792761
3526	0.755650
3535	0.779592
3545	0.778395
3554	0.753256
3563	0.767621
3572	0.734103
3582	0.716146
3590	0.683824
3599	0.680233
3608	0.646714
3617	0.601224
3627	0.500668
3636	0.482711
3645	0.477923
3653	0.331877
3662	0.266036
3672	0.140341
3681	0.118793
3690	0.123581
3699	-0.006903
3708	-0.003311
3718	0.025419
3726	-0.055984
3735	-0.047604
3744	0.037390
3754	0.080486
3763	0.050558
3772	0.045770
3781	0.056544
3789	-0.000917
3799	-0.005706
3808	0.173860
3817	0.119990
3826	-0.079926
3835	-0.133795
3845	-0.179285
3854	-0.366033
3862	-0.465392
3871	-0.507291
3881	-0.581511
3890	-0.623410
3899	-0.599468
3908	-0.745514
3917	-0.789807
3927	-0.796989
3935	-0.810157
3944	-0.764668
3953	-0.745514
3962	-0.728754
3972	-0.727557
3981	-0.670097
3990	-0.628198
3999	-0.587497
4009	-0.547992
4017	-0.490531
4026	-0.461801
4035	-0.407932
4044	-0.336106
4054	-0.326529
4063	-0.278645
4072	-0.231958
4081	-0.091897
4089	-0.118233
4099	-0.033239
4108	-0.020071
4117	-0.077532
4126	-0.058378
4135	0.031404
4145	-0.063166
4154	0.054149
4162	0.023025
4171	-0.106262
4181	-0.152949
4190	-0.090700
4199	-0.107459
4208	-0.067955
4217	-0.015282
4226	-0.045210
4235	0.043375
4244	0.137946
4253	0.311526
4262	0.622772
4272	0.790366
4281	0.740088
4290	0.685021
4298	0.683824
4308	0.740088
4317	0.789169
4326	0.793958
4335	0.767621
4344	0.758045
4354	0.728117
4362	0.736497
4371	0.693401
4380	0.688613
4389	0.664671
4399	0.602422
4408	0.574888
4417	0.558129
4426	0.483909
4435	0.462361
4444	0.463558
4453	0.382155
4462	0.353425
4471	0.190619
4481	0.159494
4490	0.208575
4499	0.106822
4507	0.074500
4516	0.039784
4526	-0.030845
4535	-0.052393
4544	0.038587
4553	0.061332
4563	-0.011691
4571	0.017039
4580	0.006265
4589	-0.096685
4598	0.021828
4608	0.137946
4617	0.075697
4626	-0.142175
4635	-0.125416
4643	-0.192453
4653	-0.348077
4662	-0.439056
4671	-0.503700
4680	-0.571934
4689	-0.570737
4699	-0.561160
4708	-0.691644
4716	-0.741923
4725	-0.749105
4735	-0.726360
4744	-0.707207
4753	-0.680871
4762	-0.688053
4771	-0.666505
4781	-0.610241
4789	-0.597073
4798	-0.555175
4807	-0.531233
4816	-0.491729
4826	-0.470181
4835	-0.380398
4844	-0.343288
4853	-0.275053
4862	-0.269068
4871	-0.210410
4880	-0.164920
4889	-0.099079
4898	-0.075137
4908	0.002674
4917	-0.103868
4926	-0.026056
4934	-0.009297
4943	-0.069152
4953	-0.022465
4962	-0.023662
4971	-0.109853
4980	-0.196045
4990	-0.108656
4999	-0.094291
5007	-0.011691
5016	0.029010
5025	0.026616
5035	0.069712
5044	0.151115
5053	0.287584
5062	0.541369
5071	0.797549
5080	0.746074
5089	0.693401
5098	0.655094
5107	0.701781
5116	0.732906
5126	0.773607
5135	0.725723
5143	0.702978
5152	0.704175
5162	0.693401
5171	0.667065
5180	0.646714
5189	0.609604
5198	0.577282
5207	0.543764
5216	0.538975
5225	0.453981
5234	0.468346
5243	0.445601
5253	0.340257
5262	0.287584
5271	0.197802
5279	0.121187
5289	0.208575
5298	0.208575
5307	0.152312
5316	0.078091
5325	-0.051195
5335	-0.046407
5343	0.038587
5352	0.116399
5361	0.046967
5370	0.046967
5380	0.014645
5389	-0.124219
5398	-0.066758
5407	0.106822
5415	0.076894
5425	-0.114642
5434	-0.106262
5443	-0.216395
5452	-0.376807
5462	-0.459407
5471	-0.465392
5480	-0.582708
5488	-0.562357
5497	-0.589891
5507	-0.722769
5516	-0.713192
5525	-0.714389
5534	-0.695236
5543	-0.679673
5553	-0.642563
5562	-0.658126
5570	-0.652140
5579	-0.591088
5589	-0.563555
5598	-0.557569
5607	-0.513276
5616	-0.435465
5625	-0.436662
5635	-0.340894
5643	-0.276250
5652	-0.294207
5661	-0.284630
5670	-0.172103
5680	-0.168511
5689	-0.148161
5698	-0.044013
5707	-0.057181
5716	-0.097882
5725	-0.049998
5734	0.005068
5743	-0.070349
5752	0.012251
5762	-0.072743
5771	-0.151752
5780	-0.139781
5788	-0.078729
5797	-0.051195
5807	-0.109853
5816	-0.039224
5825	-0.051195
5834	0.084077
5844	0.310329
5853	0.544961
5861	0.700584
5870	0.598830
5879	0.572494
5889	0.603619
5898	0.638335
5907	0.723329
5916	0.658685
5924	0.676642
5934	0.676642
5943	0.662277
5952	0.676642
5961	0.633546
5971	0.597633
5980	0.610801
5989	0.609604
5997	0.556932
6006	0.501865
6016	0.477923
6025	0.494683
6034	0.457572
6043	0.372578
6052	0.251671
6061	0.309132
6070	0.279204
6079	0.194210
6088	0.187028
6097	0.114004
6107	0.023025
6116	0.055347
6125	0.051755
6133	0.088865
6143	0.073303
6152	0.000280
6161	-0.038027
6170	-0.067955
6179	-0.004509
6189	0.114004
6197	0.097245
6206	0.036193
6215	0.012251
6224	-0.103868
6234	-0.237943
6243	-0.301390
6252	-0.340894
6261	-0.427085
6270	-0.409129
6279	-0.468984
6288	-0.624607
6297	-0.643760
6306	-0.619818
6316	-0.664111
6325	-0.624607
6334	-0.621015
6343	-0.667702
6351	-0.613833
6361	-0.601862
6370	-0.567146
6379	-0.551584
6388	-0.518065
6398	-0.476166
6407	-0.455816
6416	-0.374413
6424	-0.349274
6433	-0.350471
6443	-0.338500
6452	-0.214001
6461	-0.198439
6470	-0.118233
6479	-0.119430
6489	-0.078729
6498	-0.121824
6506	-0.048801
6515	-0.035633
6524	-0.006903
6534	0.013448
6543	-0.111051
6552	-0.145766
6561	-0.140978
6571	-0.120627
6579	-0.131401
6588	-0.107459
6597	-0.152949
6606	-0.133795
6616	-0.048801
6625	0.122384
6634	0.467149
6642	0.555735
6651	0.515033
6661	0.461164
6670	0.493485
6679	0.505456
6688	0.529398
6698	0.583268
6707	0.565311
6715	0.623969
6724	0.616787
6733	0.614393
6743	0.598830
6752	0.572494
6761	0.632349
6770	0.598830
6778	0.561720
6788	0.525807
6797	0.519822
6806	0.519822
6815	0.521019
6825	0.439616
6834	0.352228
6843	0.325891
6851	0.310329
6860	0.237306
6870	0.239700
6879	0.140341
6888	0.085274
6897	0.075697
6906	0.106822
6916	0.145129
6924	0.125975
6933	0.029010
6942	-0.038027
6951	-0.090700
6961	-0.096685
6970	-0.064364
6979	0.179845
6987	0.154706
6997	0.087668
7006	-0.021268
7015	-0.081123
7024	-0.224775
7033	-0.277448
7043	-0.320543
7052	-0.375610
7060	-0.330120
7069	-0.413917
7078	-0.512079
7088	-0.579117
7097	-0.562357
7106	-0.611439
7115	-0.574328
7125	-0.564752
7134	-0.610241
7142	-0.609044
7151	-0.565949
7160	-0.538416
7170	-0.557569
7179	-0.495320
7188	-0.460604
7197	-0.433071
7206	-0.372019
7216	-0.314558
7224	-0.314558
7233	-0.272659
7242	-0.251111
7252	-0.156540
7261	-0.119430
7270	-0.065561
7279	-0.036830
7288	-0.099079
7297	-0.094291
7306	-0.028451
7315	0.051755
7324	-0.053590
7333	-0.045210
7343	-0.174497
7352	-0.188862
7361	-0.175694
7369	-0.117036
7379	-0.117036
7388	-0.105065
7397	-0.129007
7406	-0.115839
7415	0.040981
7425	0.328286
7434	0.621575
7442	0.573691
7451	0.480317
7460	0.431236
7470	0.480317
7479	0.532990
7488	0.540172
7497	0.579677
7505	0.560523
7515	0.566509
7524	0.585662
7533	0.553340
7542	0.544961
7552	0.534187
7561	0.530596
7570	0.493485
7578	0.500668
7587	0.427645
7597	0.406097
7606	0.485106
7615	0.391732
7624	0.311526
7633	0.212167
7642	0.262445
7651	0.295964
7660	0.221744
7669	0.195407
7679	0.115202
7688	0.040981
7697	0.049361
7705	0.049361
7714	0.098442
7724	0.115202
7733	0.045770
7742	0.023025
7751	-0.040422
7760	0.009857
7770	0.115202
7778	0.269628
7787	0.146326
7796	0.100836
7806	-0.020071
7815	-0.118233
7824	-0.237943
7833	-0.312163
7842	-0.386384
7851	-0.387581
7860	-0.391172
7869	-0.544401
7878	-0.589891
7887	-0.571934
7897	-0.592285
7906	-0.591088
7915	-0.555175
7923	-0.576723
7932	-0.585102
7942	-0.556372
7951	-0.512079
7960	-0.458210
7969	-0.459407
7979	-0.398355
7988	-0.363639
7996	-0.310966
8005	-0.273856
8014	-0.219987
8024	-0.242732
8033	-0.211607
8042	-0.134993
8051	-0.100277
8060	-0.083517
8070	0.052952
8078	-0.041619
8087	-0.064364
8096	0.014645
8106	-0.033239
8115	-0.015282
8124	-0.044013
8133	-0.149358
8142	-0.234352
8151	-0.142175
8160	-0.169708
8169	-0.168511
8178	-0.172103
8187	-0.161329
8197	-0.160132
8206	-0.006903
8215	0.176254
8223	0.425251
8233	0.560523
8242	0.501865
8251	0.372578
8260	0.430039
8269	0.489894
8279	0.589253
8288	0.597633
8296	0.592845
8305	0.601224
8314	0.584465
8324	0.606013
8333	0.556932
8342	0.537778
8351	0.535384
8359	0.487500
8369	0.439616
8378	0.413280
8387	0.412083
8396	0.406097
8406	0.342651
8415	0.261248
8424	0.215758
8432	0.177451
8441	0.172662
8451	0.182239
8460	0.218152
8469	0.130764
8478	-0.035633
8487	0.009857
8496	0.072106
8505	0.078091
8514	0.146326
8523	0.092457
8533	0.030207
8542	0.017039
8551	-0.034436
8560	0.076894
8568	0.249277
8578	0.231320
8587	0.073303
8596	0.068515
8605	-0.012888
8614	-0.148161
8624	-0.252308
8632	-0.290616
8641	-0.321740
8650	-0.391172
8660	-0.465392
8669	-0.571934
8678	-0.567146
8687	-0.599468
8696	-0.622212
8706	-0.592285
8714	-0.615030
8723	-0.610241
8732	-0.576723
8741	-0.542007
8751	-0.490531
8760	-0.468984
8769	-0.428282
8778	-0.350471
8787	-0.309769
8796	-0.243929
8805	-0.179285
8814	-0.191256
8823	-0.180482
8833	-0.099079
8842	-0.059575
8851	-0.059575
8859	0.066120
8868	-0.052393
8878	0.014645
8887	0.044573
8896	0.012251
8905	-0.018874
8915	0.049361
8924	-0.097882
8932	-0.158935
8941	-0.143372
8950	-0.133795
8960	-0.131401
8969	-0.121824
8978	-0.140978
8987	-0.166117
8996	-0.023662
9005	0.108019
9014	0.408491
9023	0.521019
9032	0.403703
9041	0.352228
9051	0.382155
9060	0.477923
9069	0.519822
9077	0.519822
9087	0.530596
9096	0.534187
9105	0.568903
9114	0.589253
9123	0.572494
9133	0.546158
9142	0.560523
9150	0.535384
9159	0.470740
9168	0.425251
9178	0.392929
9187	0.391732
9196	0.343848
9205	0.276810
9214	0.231320
9223	0.161888
9232	0.179845
9241	0.111610
9250	0.151115
9260	0.078091
9269	-0.014085
9278	-0.020071
9286	0.060135
9295	0.078091
9305	0.177451
9314	0.104428
9323	0.036193
9332	0.014645
9342	-0.027253
9350	0.002674
9359	0.196604
9368	0.176254
9377	0.049361
9387	0.057741
9396	-0.040422
9405	-0.179285
9414	-0.260688
9422	-0.265476
9432	-0.368427
9441	-0.336106
9450	-0.419903
9459	-0.508488
9468	-0.536021
9478	-0.542007
9487	-0.542007
9495	-0.534824
9504	-0.536021
9514	-0.549189
9523	-0.530036
9532	-0.502502
9541	-0.460604
9550	-0.462998
9560	-0.419903
9569	-0.373216
9577	-0.356456
9586	-0.282236
9595	-0.233155
9605	-0.197242
9614	-0.205621
9623	-0.134993
9632	-0.058378
9642	0.014645
9650	-0.054787
9659	0.039784
9668	-0.003311
9677	0.007462
9687	-0.005706
9696	0.055347
9705	0.006265
9713	-0.026056
9722	-0.109853
9732	-0.123022
9741	-0.093094
9750	-0.089503
9759	-0.059575
9769	-0.095488
9778	-0.082320
9786	-0.063166
9795	0.072106
9804	0.305541
9814	0.511442
9823	0.510245
9832	0.403703
9841	0.408491
9850	0.444404
9859	0.447996
9868	0.547355
9877	0.481514
9886	0.481514
9895	0.505456
9905	0.540172
9914	0.513836
9922	0.498274
9931	0.467149
9941	0.483909
9950	0.451587
9959	0.431236
9968	0.341454
9977	0.360607
9987	0.374972
9995	0.297161
10004	0.243291
10013	0.135552
10022	0.163086
10032	0.191816
10041	0.097245
10050	0.088865
10059	0.067318
10069	0.002674
10078	-0.014085
10087	0.036193
10095	0.086471
10104	0.037390
10114	0.002674
10123	-0.020071
10132	-0.087108
10141	0.037390
10150	0.197802
10160	0.123581
10169	-0.000917
10178	-0.010494
10187	-0.034436
10197	-0.167314
10205	-0.255900
10214	-0.308572
10223	-0.383990
10232	-0.372019
10242	-0.357653
10251	-0.466589
10260	-0.483349
10269	-0.531233
10278	-0.545598
10288	-0.472575
10297	-0.497714
10306	-0.488137
10315	-0.483349
10325	-0.442647
10333	-0.437859
10342	-0.409129
10351	-0.374413
10360	-0.372019
10370	-0.330120
10379	-0.275053
10388	-0.221184
10397	-0.205621
10406	-0.180482
10416	-0.191256
10425	-0.057181
10434	-0.078729
10443	-0.044013
10453	0.033799
10461	-0.038027
10470	-0.078729
10479	0.021828
10488	-0.018874
10498	0.033799
10507	0.033799
10516	-0.045210
10525	-0.109853
10534	-0.077532
10544	-0.018874
10553	-0.044013
10562	-0.018874
10571	-0.022465
10581	0.009857
10589	0.073303
10598	0.243291
10607	0.568903
10616	0.580874
10626	0.519822
10635	0.459967
10644	0.464755
10653	0.507851
10662	0.566509
10672	0.532990
10681	0.500668
10690	0.522216
10698	0.488697
10708	0.492288
10717	0.464755
10726	0.421659
10735	0.410885
10744	0.395323
10754	0.359410
10763	0.281599
10772	0.274416
10781	0.297161
10790	0.299555
10800	0.245686
10808	0.140341
10817	0.152312
10826	0.136749
10836	0.102033
10845	0.148720
10854	0.063726
10863	-0.024859
10872	-0.015282
10882	0.063726
10891	0.092457
10900	0.079289
10909	0.008660
10918	-0.009297
10927	0.006265
10936	-0.009297
10945	0.084077
10954	0.131961
10964	-0.034436
10973	-0.047604
10982	-0.145766
10991	-0.208016
11000	-0.339697
11010	-0.360048
11019	-0.417508
11028	-0.401946
11037	-0.409129
11045	-0.531233
11055	-0.527642
11064	-0.569540
11073	-0.552781
11082	-0.500108
11092	-0.492926
11101	-0.490531
11110	-0.478560
11119	-0.442647
11128	-0.409129
11138	-0.352865
11147	-0.345682
11156	-0.291813
11165	-0.275053
11173	-0.216395
11183	-0.181679
11192	-0.137387
11201	-0.142175
11210	-0.101474
11220	-0.051195
11229	-0.020071
11238	-0.018874
11247	0.062529
11256	-0.039224
11266	-0.076335
11275	-0.004509
11284	-0.063166
11293	-0.014085
11301	-0.029648
11311	-0.109853
11320	-0.160132
11329	-0.024859
11338	-0.067955
11348	0.033799
11357	0.008660
11366	0.009857
11375	0.045770
11384	0.117596
11394	0.293570
11403	0.596436
11411	0.685021
11420	0.633546
11429	0.481514
11439	0.511442
11448	0.504259
11457	0.614393
11466	0.555735
11476	0.536581
11485	0.525807
11494	0.511442
11503	0.512639
11512	0.424054
11522	0.422856
11530	0.400112
11539	0.348636
11548	0.342651
11557	0.258854
11567	0.250474
11576	0.279204
11585	0.224138
11594	0.151115
11604	0.063726
11613	0.086471
11622	0.098442
11631	0.145129
11640	0.114004
11649	0.048164
11658	-0.022465
11667	0.012251
11676	0.052952
11685	0.128370
11695	0.108019
11704	0.049361
11713	0.007462
11722	-0.055984
11732	-0.066758
11741	0.050558
11750	0.161888
11758	0.021828
11767	-0.002114
11777	-0.108656
11786	-0.223578
11795	-0.343288
11804	-0.395961
11813	-0.431874
11823	-0.453421
11832	-0.484546
11841	-0.556372
11850	-0.583905
11860	-0.573131
11869	-0.568343
11878	-0.540810
11886	-0.503700
11895	-0.514473
11905	-0.470181
11914	-0.453421
11923	-0.395961
11932	-0.375610
11941	-0.357653
11951	-0.282236
11960	-0.287024
11969	-0.198439
11978	-0.174497
11988	-0.106262
11997	-0.144569
12006	-0.055984
12014	-0.009297
12023	0.040981
12033	0.006265
12042	0.070909
12051	-0.003311
12060	-0.016480
12069	-0.003311
12079	-0.040422
12088	0.025419
12097	-0.038027
12106	-0.118233
12116	-0.163723
12125	-0.041619
12133	-0.060772
12142	-0.020071
12151	-0.009297
12161	-0.004509
12170	0.024222
12179	0.117596
12188	0.395323
12197	0.676642
12207	0.663474
12216	0.571297
12225	0.516230
12234	0.559326
12243	0.558129
12252	0.589253
12261	0.556932
12270	0.536581
12279	0.542567
12289	0.522216
12298	0.535384
12307	0.498274
12316	0.473135
12325	0.449193
12335	0.407294
12344	0.358213
12353	0.291175
12361	0.286387
12371	0.257657
12380	0.204984
12389	0.151115
12398	0.048164
12407	0.103231
12417	0.119990
12426	0.063726
12435	-0.010494
12444	-0.039224
12453	-0.038027
12463	-0.029648
12472	0.055347
12480	0.099639
12489	0.084077
12499	0.054149
12508	0.001477
12517	-0.044013
12526	-0.134993
12535	-0.008100
12545	0.135552
12554	0.049361
12563	-0.018874
12572	-0.179285
12581	-0.267871
12590	-0.354062
12599	-0.387581
12608	-0.430676
12617	-0.409129
12627	-0.471378
12636	-0.565949
12645	-0.580314
12654	-0.570737
12663	-0.567146
12673	-0.562357
12682	-0.558766
12691	-0.565949
12700	-0.528839
12709	-0.504897
12719	-0.446239
12727	-0.411523
12736	-0.388778
12745	-0.289419
12755	-0.266674
12764	-0.204424
12773	-0.152949
12782	-0.130204
12791	-0.107459
12801	0.006265
12810	-0.017677
12819	0.086471
12828	0.044573
12837	0.002674
12846	-0.020071
12855	0.001477
12864	0.020631
12873	0.006265
12883	0.074500
12892	-0.044013
12901	-0.063166
12910	-0.057181
12919	-0.006903
12929	-0.034436
12938	0.019433
12947	-0.005706
12955	0.001477
12964	0.058938
12974	0.182239
12983	0.579677
12992	0.656291
13001	0.616787
13011	0.510245
13020	0.486303
13029	0.579677
13038	0.521019
13047	0.565311
13057	0.528201
13066	0.546158
13074	0.547355
13083	0.522216
13092	0.527004
13102	0.477923
13111	0.483909
13120	0.477923
13129	0.404900
13139	0.366593
13148	0.341454
13157	0.335468
13166	0.306738
13175	0.164283
13184	0.115202
13193	0.076894
13202	0.094851
13211	0.069712
13220	0.046967
13230	-0.010494
13239	-0.045210
13248	-0.039224
13257	-0.021268
13267	0.008660
13276	0.032602
13285	-0.004509
13294	-0.029648
13302	-0.066758
13312	-0.093094
13321	-0.064364
13330	0.166677
13339	0.125975
13348	-0.046407
13358	-0.130204
13367	-0.163723
13376	-0.307375
13385	-0.415114
13395	-0.376807
13404	-0.448633
13413	-0.404340
13422	-0.473772
13430	-0.547992
13440	-0.588694
13449	-0.576723
13458	-0.587497
13467	-0.531233
13476	-0.531233
13486	-0.543204
13495	-0.514473
13504	-0.465392
13513	-0.425888
13523	-0.411523
13532	-0.366033
13541	-0.312163
13550	-0.264279
13558	-0.200833
13568	-0.144569
13577	-0.126613
13586	-0.094291
13595	-0.094291
13604	0.017039
13614	0.045770
13623	0.050558
13632	0.040981
13641	0.002674
13651	-0.020071
13660	0.018236
13668	0.038587
13677	0.005068
13686	0.008660
13696	-0.120627
13705	-0.071546
13714	-0.023662
13723	0.019433
13732	0.033799
13742	0.094851
13751	0.062529
13760	0.110413
13769	0.243291
13777	0.355819
13787	0.795155
13796	0.734103
13805	0.643123
13814	0.566509
13824	0.565311
13833	0.589253
13842	0.591648
13851	0.594042
13860	0.553340
13870	0.553340
13879	0.542567
13887	0.507851
13896	0.504259
13905	0.459967
13915	0.439616
13924	0.395323
13933	0.365396
13942	0.316314
13952	0.264839
13961	0.282796
13970	0.210970
13979	0.125975
13988	0.033799
13998	0.072106
14006	0.091260
14015	0.048164
14024	0.054149
14033	-0.024859
14043	-0.054787
14052	-0.065561
14061	-0.006903
14070	0.032602
14080	0.013448
14089	0.032602
14098	0.037390
14107	-0.079926
14115	-0.023662
14125	0.133158
14134	0.133158
14143	-0.111051
14152	-0.100277
14161	-0.192453
14171	-0.382792
14180	-0.421100
14189	-0.454618
14198	-0.508488
14208	-0.507291
14217	-0.510882
14226	-0.629395
14235	-0.630592
14244	-0.634183
14253	-0.621015
14262	-0.580314
14271	-0.553978
14280	-0.545598
14289	-0.514473
14299	-0.454618
14308	-0.416311
14317	-0.367230
14326	-0.357653
14336	-0.288221
14345	-0.242732
14354	-0.184074
14363	-0.131401
14372	-0.087108
14381	-0.077532
14390	-0.073940
14399	0.001477
14408	0.008660
14417	0.025419
14427	-0.028451
14436	0.001477
14445	-0.048801
14454	0.015842
14464	-0.000917
14473	0.021828
14482	-0.030845
14490	-0.099079
14499	-0.112248
14509	-0.045210
14518	-0.008100
14527	0.034996
14536	0.074500
14545	0.084077
14555	0.109216
14564	0.208575
14573	0.453981
14582	0.744877
14592	0.734103
14601	0.635940
14609	0.535384
14618	0.592845
14627	0.616787
14637	0.661079
14646	0.649108
14655	0.603619
14664	0.615590
14673	0.596436
14683	0.558129
14692	0.522216
14701	0.500668
14710	0.440813
14719	0.395323
14728	0.383352
14737	0.276810
14746	0.264839
14755	0.244488
14765	0.151115
14774	0.112807
14783	-0.004509
14792	-0.023662
14801	0.063726
14811	0.092457
14820	0.072106
14828	-0.028451
14837	-0.067955
14847	0.008660
14856	0.072106
14865	0.143932
14874	0.068515
14883	0.023025
14893	0.039784
14902	-0.081123
14911	-0.088306
14920	0.106822
14929	0.129567
14939	-0.119430
14947	-0.115839
14956	-0.194848
14965	-0.356456
14975	-0.421100
14984	-0.416311
14993	-0.526445
