#a 2.4V
0	1.632056
9	2.256942
17	2.380244
26	0.972453
36	1.418972
44	2.297644
53	0.972453
62	1.105331
70	1.389044
80	0.935343
89	1.556638
97	1.203494
106	0.717471
115	1.719444
125	1.554244
133	0.904218
142	1.736203
151	1.825986
159	1.515937
169	2.207861
178	1.727824
187	1.702685
195	2.699870
204	1.975624
214	1.565018
223	2.472420
231	1.779299
240	1.451293
250	2.161174
258	1.174763
267	0.901824
276	1.561427
285	0.394253
294	0.269755
303	0.827604
312	-0.197114
320	-0.490404
329	-0.248590
339	-1.357105
348	-0.842352
356	-0.558639
365	-1.987977
374	-1.548641
384	-1.224227
392	-2.639200
401	-1.923334
410	-1.770105
420	-2.470409
428	-1.914954
437	-2.039453
446	-2.136418
455	-1.272111
464	-1.801230
473	-2.070577
482	-0.322810
491	-1.187117
499	-2.043044
509	-0.046280
518	-0.296474
526	-1.098531
535	0.104555
544	0.133285
554	-0.997975
562	-0.476039
571	-0.110923
580	-0.544274
590	-0.453294
598	-1.015931
607	-1.440902
616	-0.988398
625	-1.505546
634	-1.785667
643	-1.731798
652	-2.359078
660	-2.763699
669	-2.118461
679	-2.286056
688	-2.731377
696	-2.578148
705	-2.592514
714	-2.383020
724	-2.235777
732	-2.335136
741	-1.987977
750	-1.759331
759	-0.909389
768	-0.830381
777	-1.170357
786	-0.428155
795	0.062656
804	-0.255772
813	0.442138
822	1.095754
831	1.069418
839	0.804859
849	1.118499
858	2.144415
866	2.022310
875	1.308838
884	2.265322
894	2.606496
902	2.165963
911	2.405383
920	2.301235
929	2.247365
938	2.689096
947	1.853519
956	1.554244
964	2.739374
974	1.877461
983	0.778523
992	2.205467
1000	1.748174
1009	0.885065
1019	1.630858
1028	1.051462
1036	1.174763
1045	1.634450
1054	0.589381
1064	1.144836
1073	2.108502
1081	0.873094
1090	1.278911
1099	2.291658
1109	1.410592
1117	1.873870
1126	2.332360
1135	1.405804
1145	2.266519
1154	2.745359
1162	1.383059
1171	1.804438
1180	2.775287
1190	1.371088
1198	1.463264
1207	2.127655
1216	0.808450
1225	1.050265
1235	1.268137
1243	-0.041491
1252	0.573819
1261	0.585790
1270	-0.775314
1279	-0.163596
1288	-0.440126
1297	-1.527093
1306	-0.564624
1316	-1.314010
1324	-2.430905
1333	-1.264928
1342	-1.857493
1351	-2.339925
1360	-1.509137
1369	-2.208244
1378	-2.348305
1387	-1.855099
1396	-2.172331
1405	-1.724615
1414	-1.424143
1423	-2.195075
1432	-0.908192
1441	-0.370694
1450	-2.031073
1459	-0.589764
1468	0.330807
1477	-1.290068
1487	-0.557442
1495	0.324822
1504	-1.026705
1513	-0.486813
1522	0.032729
1531	-0.734613
1540	-0.589764
1549	-0.811227
1558	-1.688702
1567	-0.906995
1576	-1.012340
1585	-1.935305
1594	-1.850311
1603	-2.203455
1612	-2.842708
1621	-2.262114
1630	-2.058606
1639	-2.969600
1648	-2.699055
1657	-2.320771
1666	-2.503928
1675	-2.165148
1684	-2.252537
1693	-2.266902
1702	-1.543853
1711	-1.112897
1720	-1.363091
1729	-0.769329
1738	-0.528711
1747	-0.538288
1756	0.098570
1765	0.586987
1774	0.868305
1783	1.082586
1792	0.655221
1801	1.068221
1810	2.638817
1819	1.654800
1828	1.187931
1837	2.600510
1846	2.641211
1855	1.767328
1863	2.576568
1873	2.358696
1882	2.414960
1891	2.495165
1900	1.746977
1908	2.043858
1918	2.669942
1927	1.468053
1936	1.227436
1945	2.109699
1953	1.375876
1963	1.203494
1972	1.447702
1981	1.146033
1989	1.293276
1999	1.403409
2008	0.828801
2017	1.183143
2026	1.767328
2034	1.252575
2044	1.366299
2053	1.885841
2062	1.849928
2070	1.852322
2079	1.890629
2089	1.876264
2098	2.057026
2107	2.402989
2115	1.970835
2124	1.604522
2134	2.268913
2143	1.995974
2151	1.296867
2160	1.604522
2170	1.375876
2179	1.009563
2188	0.901824
2196	0.294894
2205	0.343975
2215	0.361932
2224	-0.298868
2232	-0.478433
2241	-0.871082
2250	-1.230213
2260	-0.635253
2269	-1.415763
2277	-2.039453
2286	-1.363091
2295	-1.786864
2305	-2.175922
2314	-2.095716
2322	-2.162754
2331	-2.074169
2341	-1.958050
2350	-2.153177
2358	-1.680322
2367	-1.494772
2376	-2.009525
2386	-0.912981
2395	-0.735810
2403	-2.185499
2412	-0.580187
2421	0.158424
2431	-1.220636
2440	-0.274926
2448	0.290106
2457	-1.123670
2466	-0.376680
2476	0.009984
2484	-1.197891
2493	-0.634056
2502	-0.590961
2512	-1.695885
2521	-0.774117
2529	-1.211059
2538	-2.084942
2547	-1.807215
2557	-2.281267
2566	-3.005513
2574	-2.021496
2583	-2.313589
2592	-3.135997
2602	-2.405766
2610	-2.500337
2619	-2.739757
2628	-2.053818
2638	-2.219018
2647	-2.235777
2655	-1.601314
2664	-1.039873
2673	-1.048253
2683	-0.769329
2692	-0.611311
2700	-0.373088
2709	0.250601
2718	0.607337
2728	0.733033
2736	1.276517
2745	0.873094
2754	1.131667
2763	2.559809
2773	1.693108
2781	1.489601
2790	2.878238
2799	2.265322
2809	1.948090
2817	2.906968
2826	2.234197
2835	2.276096
2844	2.760922
2854	1.705079
2862	1.955273
2871	2.776484
2880	1.302853
2889	1.318415
2898	2.256942
2907	1.136456
2916	1.195114
2925	1.535090
2934	0.997592
2943	1.454885
2952	1.306444
2961	0.743807
2970	1.580580
2978	1.611705
2988	1.106528
2997	1.676348
3006	1.889432
3015	1.797256
3024	1.992383
3033	1.804438
3042	2.104910
3051	2.255745
3059	1.989989
3069	2.268913
3078	2.041464
3087	1.606916
3096	2.097728
3104	1.918163
3114	1.100543
3123	1.448899
3132	1.147230
3140	0.448123
3150	0.693529
3159	0.349961
3168	-0.248590
3177	0.147651
3185	-0.413790
3195	-1.461253
3204	-0.810030
3213	-0.684334
3221	-1.865873
3230	-1.646803
3240	-1.358302
3249	-2.199864
3258	-2.059803
3266	-2.299223
3275	-2.412948
3285	-1.679125
3294	-2.293238
3303	-2.329151
3311	-1.157189
3321	-1.521108
3330	-1.825172
3339	-0.571807
3348	-1.316404
3356	-1.802427
3366	-0.316825
3375	-0.760949
3384	-0.938120
3392	0.312851
3401	-0.291685
3411	-0.887842
3420	-0.025929
3429	-0.388651
3437	-1.009946
3446	-0.634056
3456	-1.197891
3465	-1.404989
3474	-0.843549
3482	-1.486392
3492	-1.953261
3501	-2.179513
3510	-2.531461
3518	-2.497942
3527	-2.290844
3537	-2.663142
3546	-2.728983
3555	-2.592514
3563	-2.605681
3572	-2.594908
3582	-2.450058
3591	-1.918545
3600	-1.954458
3608	-1.977203
3617	-0.538288
3627	-0.860308
3636	-1.264928
3645	-0.169581
3653	-0.341964
3663	-0.052265
3672	1.111317
3681	0.718668
3689	0.778523
3698	1.337569
3708	1.508754
3717	1.901403
3726	1.913374
3734	1.949287
3743	2.668745
3753	2.492771
3762	2.098925
3770	2.436507
3779	2.397003
3788	2.549035
3798	2.315600
3807	1.628464
3815	2.362287
3824	2.419748
3834	1.123288
3843	1.727824
3851	2.212650
3860	1.064630
3869	1.266940
3879	1.175960
3888	1.050265
3896	1.623676
3905	0.955694
3914	0.877882
3924	1.847534
3932	1.393833
3941	1.196311
3950	1.968441
3959	1.763737
3969	1.776905
3977	2.255745
3986	1.626070
3995	2.007945
4005	2.649591
4013	1.782890
4022	1.981609
4031	2.507136
4040	1.519528
4050	1.879856
4058	2.045055
4067	0.875488
4076	1.389044
4085	1.329189
4094	0.085401
4103	0.691134
4112	0.484036
4121	-0.607720
4129	0.081810
4139	-0.523923
4148	-1.685111
4157	-0.681940
4166	-1.140430
4175	-2.373444
4184	-1.199088
4193	-1.552233
4202	-1.979598
4211	-1.835945
4220	-2.764896
4229	-2.452453
4238	-1.568992
4247	-2.503928
4256	-2.288450
4265	-1.385836
4274	-1.885027
4283	-1.197891
4292	-0.036703
4302	-1.772499
4310	-0.932134
4319	0.126103
4328	-1.352317
4337	-0.818410
4347	0.256587
4355	-0.836366
4364	-0.470053
4373	0.290106
4382	-0.737007
4391	-0.845943
4400	-0.511952
4409	-1.650395
4418	-1.025508
4427	-0.859111
4436	-1.752149
4445	-1.821580
4454	-2.187893
4463	-2.885803
4471	-2.277676
4481	-2.214230
4490	-2.950447
4499	-2.663142
4508	-2.651171
4517	-2.603287
4526	-2.313589
4535	-2.533855
4544	-2.179513
4553	-1.833551
4562	-1.772499
4571	-0.648421
4580	-0.921360
4589	-1.008749
4598	0.062656
4607	-0.025929
4616	0.030335
4625	0.807253
4634	1.241801
4642	0.962876
4652	1.015549
4661	1.975624
4670	2.170751
4679	1.392635
4688	2.162371
4697	2.601707
4706	2.419748
4715	2.677125
4723	2.199481
4733	2.161174
4742	3.084139
4751	1.817606
4760	1.470447
4768	2.898588
4778	1.943302
4787	0.677966
4796	2.262928
4804	1.970835
4814	0.934146
4823	1.612902
4832	0.930555
4841	0.972453
4849	1.910980
4859	0.583395
4868	0.812042
4877	2.385032
4885	1.120894
4894	1.008366
4904	2.368273
4913	1.615296
4922	1.900206
4930	2.402989
4939	1.422563
4949	2.203073
4958	2.830354
4966	1.496783
4975	1.921754
4985	2.660365
4994	1.632056
5003	1.652406
5011	2.080968
5020	1.065827
5030	1.286093
5039	1.102937
5047	0.118920
5056	0.676769
5065	0.422984
5075	-0.709473
5084	-0.216268
5092	-0.605326
5101	-1.488786
5110	-0.674758
5120	-1.233804
5128	-2.341122
5137	-1.427734
5146	-1.658774
5156	-2.114870
5165	-1.780879
5173	-2.544629
5182	-2.359078
5191	-1.798835
5201	-2.311194
5210	-1.901786
5218	-1.443296
5227	-2.171133
5236	-1.240986
5246	-0.092967
5255	-1.865873
5263	-0.705882
5272	0.390662
5281	-1.358302
5291	-0.520332
5299	0.298485
5308	-1.208665
5317	-0.394636
5327	0.217083
5336	-0.903404
5344	-0.538288
5353	-0.735810
5362	-2.002343
5372	-0.725036
5380	-1.122473
5389	-1.987977
5398	-1.766514
5407	-2.417737
5417	-3.188670
5425	-1.984386
5434	-2.387809
5443	-3.290423
5452	-2.598499
5462	-2.682296
5470	-2.640398
5479	-2.017905
5488	-2.576951
5498	-2.330348
5507	-1.539064
5515	-1.351120
5524	-0.958470
5533	-0.842352
5543	-0.929740
5552	-0.121697
5560	0.394253
5569	0.208703
5578	0.979636
5588	1.404606
5596	0.579804
5605	1.017943
5614	2.721417
5623	1.764934
5632	1.412986
5641	2.668745
5650	2.432916
5659	2.074983
5669	2.942881
5677	2.059421
5686	2.464041
5695	2.940487
5704	1.533893
5713	1.821198
5722	3.023087
5731	1.293276
5740	1.071812
5749	2.274899
5758	1.380664
5767	1.183143
5776	1.513543
5785	0.961679
5794	1.515937
5803	1.499177
5812	0.546285
5821	1.336372
5830	2.024705
5839	1.118499
5848	1.380664
5857	2.072589
5866	1.912177
5875	1.963653
5884	1.954076
5893	1.956470
5902	2.270110
5911	2.545444
5919	2.055829
5929	1.672757
5938	2.304826
5947	2.219832
5956	1.450096
5964	1.513543
5974	1.444111
5983	1.044279
5992	0.843166
6000	0.424181
6010	0.315245
6019	0.282923
6028	-0.217465
6037	-0.661590
6045	-1.026705
6055	-0.950091
6064	-0.890236
6073	-1.694687
6081	-1.761725
6090	-1.358302
6100	-2.084942
6109	-2.129235
6118	-2.172331
6126	-2.509913
6135	-2.083745
6145	-2.001145
6154	-2.308800
6163	-1.639621
6171	-1.536670
6181	-1.880238
6190	-0.515543
6199	-0.903404
6207	-2.198667
6216	-0.254575
6226	-0.250984
6235	-1.274505
6244	0.110541
6252	0.047094
6261	-1.138036
6271	0.021955
6280	-0.274926
6288	-1.221833
6297	-0.361117
6306	-1.001566
6316	-1.796441
6325	-0.461674
6333	-1.205073
6342	-2.420131
6352	-2.141206
6361	-2.502731
6370	-2.878621
6378	-2.228595
6387	-2.657157
6397	-3.056988
6406	-2.263310
6415	-2.636806
6423	-2.843904
6432	-2.183104
6442	-2.209441
6451	-2.095716
6459	-1.679125
6468	-0.938120
6478	-0.970441
6487	-0.892630
6496	-0.520332
6504	-0.164793
6513	0.179972
6523	0.496007
6532	0.861123
6541	1.392635
6549	0.880276
6558	1.155610
6568	2.555020
6577	1.778102
6585	1.545864
6594	2.956049
6603	2.268913
6613	2.173145
6622	2.887814
6630	1.899009
6639	2.440099
6649	2.946472
6658	1.320809
6666	2.080968
6675	2.861478
6684	0.973650
6694	1.488404
6703	2.382638
6711	1.020337
6720	1.175960
6729	1.470447
6739	0.930555
6747	1.562624
6756	1.489601
6765	0.480445
6774	1.694305
6784	1.950485
6792	0.891050
6801	1.665575
6810	2.041464
6820	1.798453
6828	2.110896
6837	1.796059
6846	2.108502
6855	2.436507
6865	2.088151
6873	2.182722
6882	2.011537
6891	1.767328
6900	2.272505
6909	1.648815
6918	0.962876
6927	1.632056
6936	1.136456
6945	0.236236
6954	0.740216
6963	0.276937
6972	-0.444914
6981	0.220674
6990	-0.750175
6999	-1.645606
7008	-0.563427
7017	-1.116488
7026	-2.333940
7035	-1.364288
7044	-1.531882
7053	-1.948473
7062	-1.712644
7071	-2.485971
7080	-2.539841
7089	-1.731798
7098	-2.378232
7107	-2.360276
7115	-1.395412
7125	-1.844325
7134	-1.446888
7143	-0.052265
7152	-1.445691
7161	-1.612088
7170	-0.059448
7179	-1.104517
7188	-1.116488
7197	0.563045
7206	-0.356329
7215	-0.970441
7224	-0.035506
7233	-0.374285
7242	-0.968047
7251	-0.800453
7260	-1.248169
7269	-1.294856
7278	-1.018326
7286	-1.322389
7296	-2.105293
7305	-2.624835
7314	-2.640398
7323	-2.404569
7332	-2.345911
7341	-2.900168
7350	-2.920519
7359	-2.474000
7368	-2.429708
7377	-2.694267
7386	-2.527870
7395	-1.882632
7404	-2.044241
7413	-1.749754
7422	-0.369497
7431	-1.349923
7440	-0.990792
7449	0.236236
7457	-0.362314
7467	0.239827
7476	1.040688
7485	0.598958
7494	1.065827
7503	1.597340
7512	1.484812
7521	1.845140
7530	1.993580
7538	1.952879
7548	2.705855
7557	2.279687
7566	2.183919
7575	2.683110
7583	2.368273
7593	2.282081
7602	2.352710
7611	1.798453
7619	2.460449
7628	2.194693
7638	0.916189
7647	1.930134
7656	2.198284
7664	0.893444
7674	1.274122
7683	1.463264
7692	1.131667
7701	1.454885
7709	0.968862
7719	1.074207
7728	1.994777
7737	1.331583
7745	1.185537
7754	2.158780
7764	1.840351
7773	1.815212
7782	2.222226
7790	1.749372
7799	2.343133
7809	2.472420
7818	1.712261
7826	2.331162
7835	2.337148
7845	1.322007
7854	2.144415
7863	1.972032
7871	0.753384
7880	1.482418
7890	1.110120
7899	0.017167
7907	0.792888
7916	0.199126
7925	-0.600537
7935	0.121314
7944	-0.984807
7952	-1.351120
7961	-0.294080
7970	-1.653986
7980	-2.371049
7988	-1.076984
7997	-2.004737
8006	-2.029876
8016	-1.482801
8025	-2.640398
8033	-2.432102
8042	-1.626453
8051	-2.367458
8061	-2.132826
8070	-1.633635
8078	-2.175922
8087	-1.184723
8096	-0.118106
8106	-1.810806
8115	-0.776511
8123	0.097372
8132	-1.108108
8142	-0.626874
8151	0.069839
8159	-0.912981
8168	-0.590961
8177	0.133285
8187	-0.698700
8196	-0.768132
8204	-0.883053
8213	-1.652789
8222	-1.144021
8232	-1.122473
8241	-1.734192
8249	-2.130432
8258	-2.491957
8267	-2.700253
8277	-2.293238
8286	-2.367458
8294	-2.927701
8303	-2.830737
8313	-2.545826
8322	-2.502731
8331	-2.403371
8339	-2.321969
8348	-1.956853
8358	-1.873056
8367	-1.450479
8375	-0.813621
8384	-1.082969
8393	-0.574201
8403	0.012378
8412	-0.185143
8420	0.505584
8429	1.204691
8438	0.943723
8448	0.655221
8457	1.318415
8465	2.416157
8474	1.951682
8484	1.424957
8493	2.423339
8501	2.456858
8510	2.388623
8519	2.634029
8529	2.084560
8538	2.400594
8546	3.124840
8555	1.533893
8564	1.611705
8574	3.069774
8582	1.743386
8591	0.777326
8600	2.364681
8609	1.629661
8619	1.084981
8627	1.644027
8636	0.845560
8645	1.374679
8655	1.809227
8663	0.445729
8672	1.313627
8681	2.236592
8690	0.864714
8700	1.441717
8708	2.383835
8717	1.478827
8726	2.067800
8735	2.347922
8744	1.451293
8753	2.429325
8762	2.778878
8771	1.527908
8780	1.885841
8789	2.701067
8798	1.667969
8807	1.518331
8816	1.894221
8826	1.244195
8834	1.108923
8843	0.858728
8852	0.092584
8861	0.504387
8870	0.454109
8879	-0.606523
8888	-0.517938
8897	-0.562230
8906	-1.223030
8915	-0.880659
8924	-1.503151
8933	-2.104096
8942	-1.445691
8950	-2.195075
8960	-2.235777
8969	-1.776091
8978	-2.622441
8987	-2.265705
8996	-1.741375
9005	-2.384218
9014	-1.856296
9023	-1.370273
9032	-2.020299
9041	-1.042268
9050	-0.496390
9059	-2.081351
9068	-0.760949
9077	0.074628
9086	-1.183525
9095	-0.179158
9104	0.162016
9113	-1.190708
9122	-0.118106
9131	0.068642
9140	-1.211059
9149	-0.546668
9158	-0.904601
9167	-1.896998
9176	-0.523923
9185	-1.208665
9194	-2.318377
9203	-1.847916
9212	-2.462029
9221	-3.096493
9230	-1.944882
9239	-2.393795
9248	-3.272467
9257	-2.341122
9266	-2.664340
9275	-2.821160
9284	-1.935305
9294	-2.427313
9302	-2.245354
9311	-1.418157
9320	-1.363091
9329	-1.018326
9339	-0.538288
9347	-0.960865
9356	-0.095361
9365	0.449320
9374	0.196732
9383	1.122091
9392	1.554244
9401	0.432561
9410	1.252575
9419	2.972809
9428	1.576989
9437	1.445308
9446	3.025481
9455	2.253351
9463	2.151597
9473	2.965626
9482	1.772116
9491	2.631635
9500	3.092519
9509	1.248983
9518	1.963653
9527	3.093716
9536	0.972453
9545	1.296867
9554	2.295249
9563	1.107725
9572	1.338766
9581	1.379467
9589	0.767749
9599	1.780496
9608	1.264546
9617	0.537905
9626	1.836760
9634	1.602128
9644	1.064630
9653	1.748174
9662	1.877461
9670	1.991186
9680	2.110896
9689	1.695502
9698	2.250957
9707	2.278490
9715	2.101319
9725	2.471223
9734	1.854716
9743	1.834366
9751	2.351513
9760	1.350737
9770	1.306444
9779	1.861899
9788	0.944920
9796	0.488824
9806	0.880276
9815	0.141665
9824	-0.106135
9832	0.069839
9841	-0.924952
9851	-1.384638
9860	-0.611311
9869	-1.057830
9877	-2.039453
9886	-1.549838
9896	-1.573780
9905	-2.120855
9914	-1.862282
9922	-2.423722
9931	-2.784049
9941	-1.784470
9950	-2.107687
9958	-2.647580
9967	-1.454070
9977	-1.557021
9986	-1.698279
9995	-0.277320
10003	-1.146415
10012	-1.795244
10022	0.031532
10031	-0.776511
10040	-1.324783
10049	0.335595
10057	-0.173172
10067	-1.009946
10076	0.281726
10085	-0.233027
10094	-1.250563
10103	-0.376680
10112	-0.930937
10121	-1.731798
10130	-0.719050
10139	-1.309221
10149	-2.314786
10158	-2.125644
10166	-2.600893
10175	-2.937278
10184	-2.119658
10194	-2.792429
10203	-3.203035
10212	-2.011919
10221	-2.506322
10229	-2.954038
10239	-2.045438
10248	-2.204653
10257	-2.226201
10266	-1.448085
10276	-1.232607
10284	-1.026705
10293	-0.347949
10302	-0.702291
10311	-0.250984
10321	0.756975
10330	0.578607
10338	0.856334
10347	1.428549
10356	0.729442
10366	1.742189
10375	2.754936
10384	1.196311
10392	1.884644
10401	3.214623
10411	1.994777
10420	2.596919
10429	2.636423
10438	1.866687
10447	3.148782
10456	2.097728
10465	1.160398
10474	3.032664
10483	2.048647
10493	0.699514
10501	2.249760
10510	1.612902
10519	0.941328
10528	1.679940
10538	0.633674
10547	1.241801
10555	1.926543
10564	0.376297
10574	1.146033
10583	1.993580
10592	0.918584
10601	1.634450
10609	1.897812
10619	1.344751
10628	2.468829
10637	2.095334
10646	1.384256
10655	2.801623
10664	2.338345
10673	1.521922
10682	2.713038
10691	1.875067
10700	1.530302
10709	2.502348
10718	1.418972
10727	0.891050
10736	1.782890
10746	0.584592
10755	0.263769
10763	0.920978
10772	-0.127683
10781	-0.359920
10791	0.165607
10800	-1.388230
10809	-1.199088
10817	-0.013958
10826	-1.990372
10836	-2.323165
10845	-1.221833
10854	-2.683493
10863	-2.180710
10871	-1.777288
10881	-2.794823
10890	-1.888618
10899	-1.883829
10908	-2.836722
10918	-1.254155
10927	-1.274505
10935	-2.424919
10944	-0.558639
10953	-0.861505
10963	-2.330348
10972	-0.013958
10981	-0.248590
10989	-1.497166
10998	0.546285
11008	0.268558
11017	-1.336754
11026	-0.164793
11035	-0.103741
11044	-0.962062
11053	-0.329993
11062	-1.183525
11071	-1.364288
11080	-0.650816
11090	-1.667154
11098	-1.894603
11107	-1.916151
11116	-2.663142
11125	-2.742151
11135	-2.294435
11144	-2.734968
11153	-2.730180
11161	-2.567374
11170	-2.725391
11180	-2.687084
11189	-2.578148
11198	-2.205850
11207	-1.883829
11216	-2.013116
11225	-0.927346
11234	-0.628071
11243	-1.175146
11252	-0.349146
11262	-0.039097
11270	-0.113317
11279	0.894641
11288	1.062236
11297	0.856334
11307	1.084981
11316	1.877461
11324	2.109699
11333	1.651209
11343	2.071392
11352	2.667548
11361	2.491574
11370	2.393412
11378	2.314403
11388	2.177934
11397	3.002736
11406	2.173145
11415	1.221450
11424	2.691490
11433	2.450873
11442	0.693529
11451	1.790073
11460	2.138429
11470	0.928160
11478	1.387847
11487	0.961679
11496	0.949708
11505	1.968441
11515	0.668389
11524	0.756975
11532	2.138429
11541	1.235815
11550	1.119696
11560	2.073786
11569	1.586566
11578	1.966047
11586	2.389821
11595	1.543470
11605	2.242577
11614	2.776484
11623	1.608114
11632	2.185116
11641	2.601707
11650	1.523119
11659	2.070194
11668	1.899009
11677	0.910204
11687	1.490798
11695	1.013154
11704	0.090190
11713	0.803662
11722	0.231448
11732	-0.641239
11740	0.029138
11749	-0.861505
11758	-1.430128
11767	-0.432943
11777	-1.700673
11786	-2.602090
11794	-1.329572
11803	-2.149586
11813	-2.045438
11822	-1.560612
11831	-2.766093
11840	-2.342319
11849	-1.489983
11858	-2.539841
11867	-1.950867
11876	-1.431325
11885	-2.367458
11894	-1.105714
11904	-0.322810
11912	-2.074169
11921	-0.468856
11930	0.335595
11940	-1.384638
11949	0.084204
11958	0.275740
11966	-1.206270
11975	-0.210283
11985	0.163213
11994	-1.021917
12003	-0.304854
12012	-0.677152
12020	-1.946079
12030	-0.782497
12039	-1.296053
12048	-1.873056
12057	-1.677928
12066	-2.545826
12076	-3.074945
12084	-2.122053
12093	-2.432102
12102	-3.056988
12112	-2.675113
12121	-2.878621
12130	-2.673916
12138	-2.157966
12147	-2.485971
12157	-2.110082
12166	-1.711447
12175	-1.311615
12184	-0.698700
12193	-0.965653
12202	-0.673561
12211	0.147651
12220	0.005196
12229	0.385874
12239	1.355525
12248	1.274122
12256	0.464882
12265	1.632056
12274	2.705855
12284	1.466856
12293	1.780496
12301	2.831551
12310	2.189905
12319	2.559809
12329	2.511925
12338	1.690714
12347	3.066183
12356	2.703461
12364	0.916189
12374	2.400594
12383	2.892603
12392	0.859926
12401	1.459673
12410	2.098925
12419	0.929357
12428	1.500375
12437	1.119696
12446	0.602549
12456	1.962455
12464	1.162792
12473	0.318836
12482	1.948090
12491	1.659589
12501	0.937737
12510	1.944499
12518	1.815212
12527	1.804438
12537	2.507136
12546	1.679940
12555	1.802044
12564	2.865069
12572	2.159977
12582	1.650012
12591	2.455661
12600	2.254548
12609	1.576989
12618	1.796059
12627	1.519528
12636	1.114908
12645	1.197508
12654	0.522343
12663	0.262572
12672	0.667192
12681	-0.218662
12690	-0.589764
12699	-0.501178
12709	-1.227818
12718	-1.061421
12726	-1.213453
12735	-2.329151
12744	-1.671943
12754	-1.595328
12763	-2.203455
12772	-1.655183
12781	-2.383020
12789	-2.746939
12799	-1.564204
12808	-2.215426
12817	-2.372247
12826	-1.276899
12836	-2.208244
12844	-1.630044
12853	-0.003184
12862	-1.803624
12871	-0.994384
12881	0.565439
12890	-0.910586
12898	-0.726233
12907	0.494810
12916	-0.951288
12926	-0.573004
12935	0.469671
12944	-0.929740
12952	-0.659195
12961	-0.016352
12971	-2.136418
12980	-1.224227
12989	-0.505967
12998	-1.956853
13007	-1.929319
13016	-1.960444
13025	-3.068960
13034	-2.403371
13043	-2.108884
13053	-3.303591
13062	-2.727786
13070	-2.509913
13079	-3.010302
13088	-2.171133
13098	-2.207047
13107	-2.387809
13116	-1.588146
13124	-1.193102
13134	-0.968047
13143	-0.950091
13152	-0.892630
13161	-0.204297
13170	0.413407
13179	0.335595
13188	0.664798
13197	1.578186
13206	0.992804
13215	0.791691
13225	2.456858
13233	2.073786
13242	1.329189
13251	2.765710
13260	2.468829
13270	1.994777
13278	2.908165
13287	2.022310
13296	2.198284
13306	3.218214
13315	1.404606
13324	1.524317
13332	3.133220
13341	1.306444
13351	0.774931
13360	2.535867
13369	1.239407
13378	0.986818
13386	1.718247
13396	0.844363
13405	1.314824
13414	1.536288
13423	0.336793
13433	1.414183
13441	1.949287
13450	0.824013
13459	1.670363
13468	2.088151
13478	1.681137
13487	2.157583
13495	2.070194
13504	1.846337
13513	2.323980
13523	2.519107
13532	2.040267
13541	1.792467
13549	2.273702
13558	2.128853
13568	1.420169
13577	1.440520
13586	1.508754
13595	1.020337
13604	0.735427
13613	0.460094
13622	0.252995
13631	0.106949
13640	-0.241407
13649	-0.750175
13658	-1.195496
13667	-0.914178
13676	-1.081772
13685	-2.003540
13695	-1.721024
13704	-1.384638
13712	-1.864676
13721	-1.942487
13730	-2.344713
13740	-2.626032
13749	-1.973612
13758	-2.053818
13766	-2.433299
13776	-1.683914
13785	-1.798835
13794	-1.667154
13803	-0.059448
13812	-1.111699
13821	-1.507940
13830	0.214688
13839	-0.553851
13848	-1.205073
13857	0.183564
13867	-0.253378
13875	-0.865097
13884	0.267361
13893	-0.398227
13903	-1.170357
13912	-0.498784
13921	-1.231410
13930	-1.607299
13938	-0.649619
13948	-1.037479
13957	-2.426116
13966	-2.464424
13975	-2.640398
13984	-2.521884
13993	-2.144797
14002	-3.141983
14011	-3.231765
14020	-2.167542
14030	-2.463226
14039	-2.670325
14048	-2.230989
14056	-2.159162
14065	-1.940093
14075	-1.425340
14084	-0.912981
14093	-0.958470
14102	-0.763343
14110	-0.410198
14120	0.020758
14129	0.630082
14138	0.685149
14147	0.829998
14155	1.295670
14165	1.135259
14174	1.861899
14183	2.300038
14192	1.409395
14202	2.274899
14210	2.832748
14219	1.944499
14228	2.532275
14237	2.689096
14247	2.027099
14256	2.759725
14264	2.071392
14273	1.512346
14282	2.801623
14292	1.916966
14301	0.761763
14310	2.217438
14318	1.594946
14327	0.766552
14337	1.527908
14346	1.102937
14355	1.196311
14364	1.392635
14373	0.685149
14382	1.357920
14391	1.840351
14400	1.044279
14409	1.521922
14419	2.004354
14427	1.775708
14436	2.102516
14445	1.908586
14454	1.924148
14464	2.563400
14473	1.936119
14481	2.046252
14490	2.466435
14500	1.633253
14509	1.936119
14518	2.260534
14527	1.156807
14535	1.363905
14545	1.560230
14554	0.407421
14563	0.604943
14572	0.624097
14581	-0.420972
14590	-0.010367
14599	-0.082193
14608	-1.613285
14617	-0.889039
14626	-0.198312
14636	-1.972415
14644	-1.596525
14653	-1.400201
14662	-2.544629
14672	-2.076563
14681	-2.193879
14690	-2.462029
14698	-1.705461
14707	-2.126841
14717	-2.491957
14726	-1.260140
14735	-1.547444
14744	-1.944882
14753	-0.288094
14762	-1.199088
14771	-2.027482
14780	0.012378
14789	-0.611311
14799	-1.203876
14808	0.333201
14816	-0.060645
14825	-0.953682
14834	-0.071419
14844	-0.241407
14853	-0.929740
14862	-0.540682
14870	-1.165569
14879	-1.371470
14889	-0.891433
14898	-1.276899
14907	-2.044241
14916	-2.421328
14924	-2.543432
14934	-2.472803
14943	-2.476395
14952	-2.766093
14961	-2.952841
14971	-2.496745
14980	-2.300421
14988	-2.791232
14997	-2.593710