0	0.655682
9	0.607798
18	1.983267
27	0.450978
36	0.301340
45	0.836444
54	-0.243341
63	-0.807175
72	-0.384599
82	-0.723378
90	-2.335873
99	-2.033007
108	-1.335097
117	-1.781615
127	-1.039413
136	0.269018
145	-0.249326
154	0.923832
162	2.113751
172	0.692792
181	1.385913
190	2.017983
199	-0.167923
209	0.036781
218	0.696383
227	-0.985543
236	-1.047793
244	-0.448045
254	-1.031033
263	-0.378613
272	0.320494
281	-1.169897
290	0.275004
300	1.126142
309	-0.814358
318	0.756238
326	1.510412
336	-0.163135
345	1.875528
354	1.812081
363	0.124169
372	1.519989
382	1.262612
391	-0.521068
400	-0.090112
408	-0.001526
417	-1.380587
427	-2.194615
436	-0.816752
445	-1.050187
454	-1.927662
464	-0.076944
473	-0.353474
482	-0.305590
490	1.571464
499	0.108607
509	0.107410
518	2.135299
527	-0.268480
536	-0.284042
545	1.716313
555	-1.015471
564	-0.972375
572	0.330070
581	-0.201442
591	-1.005894
600	1.358380
609	-0.155952
618	-1.337491
627	1.637305
637	-0.361854
646	-1.157926
654	2.181985
663	-0.410935
672	0.332465
682	3.018759
691	0.213952
700	0.555125
709	2.399858
719	0.247471
728	0.124169
736	0.052343
745	-0.612048
754	-1.341082
764	-0.294816
773	-0.193063
782	-1.444033
791	-0.110463
800	-0.378613
810	-0.912520
818	0.659273
827	-0.610851
836	-0.815555
846	1.497244
855	-0.015892
864	-0.154755
873	1.332044
882	-0.615639
892	-0.923294
900	0.223529
909	-0.029060
918	-0.810767
927	0.782575
937	0.975308
946	-0.845483
955	1.033966
964	1.243458
974	-0.839497
982	1.731875
991	0.732296
1000	-1.078917
1009	1.594209
1019	0.620966
1028	-0.626413
1037	1.625334
1046	0.984885
1055	-0.167923
1065	0.228317
1074	-0.057790
1083	-1.220175
1092	-0.840694
1100	0.273807
1110	-0.868227
1119	-0.087718
1128	0.403094
1137	-0.772459
1147	0.349224
1156	0.581462
1165	-0.871819
1174	0.188813
1183	0.298946
1193	-1.165108
1202	0.247471
1211	-0.100886
1220	-1.590079
1228	-0.471987
1238	0.146914
1247	-0.814358
1256	0.200784
1265	1.875528
1275	0.471328
1284	0.834050
1293	2.251417
1302	-0.519871
1311	-0.123631
1321	1.644487
1330	-1.232146
1339	0.295355
1348	1.426615
1358	-1.089691
1366	0.601812
1375	1.797716
1384	-0.398964
1393	-0.255312
1403	0.300143
1412	-1.104056
1421	-0.983149
1430	0.813699
1439	-0.363051
1449	-0.755700
1458	1.455345
1467	-0.254115
1476	-0.214610
1486	1.569070
1495	-0.881396
1503	-0.100886
1512	1.377534
1521	-1.143561
1531	-0.741335
1540	0.242682
1549	-1.971954
1558	-1.393755
1567	-0.167923
1577	-0.398964
1586	-0.196654
1595	1.153676
1604	0.978899
1614	0.066708
1623	1.545128
1632	0.879540
1640	-0.397767
1649	1.579844
1659	0.950169
1668	-0.489944
1677	1.327255
1686	0.543154
1695	-0.335518
1705	0.807714
1714	0.105016
1723	-0.841891
1732	0.049949
1742	-0.422906
1751	-1.597262
1760	-0.452833
1769	0.635331
1777	-0.103280
1787	0.344436
1796	1.596603
1805	-0.038637
1814	0.331268
1823	1.557099
1833	-0.704225
1842	0.111001
1851	0.874751
1860	-1.426076
1870	-0.511491
1879	0.223529
1888	-1.795981
1897	-1.446427
1906	-0.389387
1915	-1.081311
1924	-0.961601
1933	0.927424
1942	0.339647
1951	0.374363
1961	1.701948
1970	0.816093
1979	0.863977
1988	1.618151
1998	0.777786
2007	0.122972
2016	0.832853
2025	0.466540
2034	-0.185880
2044	0.518015
2052	0.033189
2061	-1.035822
2070	-0.117645
2079	-0.647961
2089	-1.442836
2098	-0.991529
2107	0.043963
2116	-0.395373
2126	-0.233764
2135	1.452951
2144	0.574279
2153	0.212755
2162	2.193956
2172	0.732296
2180	0.257047
2189	1.746241
2198	-0.232567
2207	-1.326717
2217	-0.000329
2226	-1.210598
2235	-2.170673
2244	-0.730561
2254	-0.675494
2263	-1.457201
2272	-0.160741
2281	0.066708
2290	-0.424103
2300	1.209940
2309	1.059105
2317	0.583856
2326	1.858768
2335	1.506821
2345	0.489285
2354	1.560690
2363	1.365563
2372	0.239091
2382	0.734691
2391	-0.106871
2400	-1.020259
2409	-0.201442
2418	-0.358262
2428	-1.493114
2437	-1.133984
2446	-0.979558
2454	-1.114830
2463	-0.523462
2473	0.156491
2482	0.361195
2491	0.661667
2500	1.148887
2510	1.455345
2519	1.051922
2528	0.829261
2537	1.217122
2546	0.598221
2556	-0.188274
2565	-0.170318
2574	-0.765277
2583	-1.690636
2591	-1.448821
2601	-1.224964
2610	-1.368616
2619	-0.675494
2628	-0.232567
2638	-0.553390
2647	0.489285
2656	0.519212
2665	0.188813
2674	1.952142
2684	1.842009
2693	0.734691
2702	1.596603
2711	2.201139
2720	0.351618
2729	0.557520
2738	0.799334
2747	-0.736546
2756	-0.714999
2766	-0.681480
2775	-1.171094
2784	-1.209401
2793	-1.642752
2802	-1.651132
2812	-0.847877
2821	-1.108845
2830	-0.650355
2839	0.862780
2848	0.777786
2858	0.897496
2866	2.028757
2875	1.211137
2884	1.254232
2894	1.771380
2903	0.371969
2912	0.085862
2921	0.271413
2930	-1.171094
2940	-1.175882
2949	-1.136378
2958	-1.895340
2967	-0.991529
2976	-0.500718
2986	-0.849074
2995	-0.565361
3003	0.470131
3012	0.181630
3022	0.964534
3031	1.888696
3040	1.171632
3049	1.644487
3058	1.923412
3068	0.941789
3077	1.269795
3086	1.407461
3095	-0.199048
3104	0.035584
3114	0.026007
3123	-1.456004
3131	-1.301578
3140	-0.940053
3150	-1.827105
3159	-1.866609
3168	-1.199824
3177	-1.466778
3186	-0.568952
3196	0.330070
3205	0.471328
3214	1.669626
3223	1.883907
3232	1.598997
3242	2.141284
3251	1.411053
3260	0.431824
3268	0.597024
3278	-0.139193
3287	-1.147152
3296	-0.861045
3305	-1.039413
3314	-1.612824
3324	-0.946039
3333	-0.153558
3342	-1.045398
3351	-0.254115
3360	0.541957
3370	0.083468
3379	0.982490
3388	1.451754
3397	1.122551
3406	1.741452
3415	1.755818
3424	1.093821
3433	1.323664
3442	0.854401
3452	0.197192
3461	-0.005118
3470	-0.752109
3479	-1.274045
3488	-1.265665
3498	-1.693030
3507	-1.852244
3516	-1.774433
3525	-1.037019
3535	-0.714999
3544	-0.474381
3552	0.574279
3561	1.042346
3570	0.977702
3580	1.519989
3589	1.840812
3598	1.318876
3607	1.014812
3616	0.889117
3626	-0.187077
3635	-0.879001
3644	-0.724575
3653	-1.429668
3663	-1.095677
3672	-0.053002
3681	-0.986740
3689	-0.858651
3698	0.604207
3708	-0.720984
3717	-0.161938
3726	1.865951
3735	0.397108
3744	0.762224
3754	2.372324
3763	0.756238
3772	0.992067
3781	1.735467
3791	0.577870
3800	0.057132
3809	0.313311
3818	-0.670706
3826	-1.620007
3836	-1.659511
3845	-1.736126
3854	-1.320731
3863	-1.062158
3872	-0.389387
3882	-0.037439
3891	0.193601
3900	0.650893
3909	0.339647
3919	0.555125
3928	1.182406
3937	0.326479
3946	0.134943
3954	1.078258
3964	0.142126
3973	-0.377416
3982	0.042766
3991	-0.705422
4000	-1.064552
4010	0.247471
4019	-0.298407
4028	-0.682677
4037	1.084244
4047	-0.009906
4056	-0.193063
4065	2.160438
4074	0.162476
4083	0.319297
4092	2.496823
4101	0.291763
4110	0.271413
4119	1.782154
4128	-0.142784
4138	0.045161
4147	0.998053
4156	-0.670706
4165	-1.920479
4175	-1.095677
4184	-1.016668
4193	-1.678665
4202	-0.226581
4211	-0.121237
4221	-0.656341
4229	1.212334
4238	0.908270
4247	-0.315167
4256	1.092624
4266	0.326479
4275	-1.032230
4284	0.515621
4293	0.120578
4303	-1.105253
4312	0.247471
4321	0.051146
4330	-1.135181
4339	0.496468
4349	0.813699
4357	-1.019062
4366	0.373166
4375	1.819264
4384	-0.840694
4394	0.164871
4403	1.719904
4412	-0.904140
4421	0.934606
4431	2.020377
4440	-0.685071
4449	0.496468
4458	1.077061
4467	-0.662326
4477	0.108607
4486	0.285778
4494	-1.272848
4503	-1.125604
4512	-0.242144
4522	-1.083706
4531	-1.557757
4540	0.540760
4549	-0.639581
4559	-0.274465
4568	2.039530
4577	0.284581
4586	-0.152361
4595	1.670823
4605	-0.415723
4614	-1.371010
4623	0.409079
4631	-1.403331
4640	-1.700213
4650	0.403094
4659	-0.222990
4668	-0.817949
4677	1.081850
4687	0.913059
4696	-0.791613
4705	1.522383
4714	1.482879
4723	-0.655143
4733	2.029954
4742	1.480484
4751	-1.409317
4760	1.490061
4768	0.996856
4778	-0.894564
4787	1.376337
4796	0.846021
4805	-0.801190
4815	0.302537
4824	-0.179894
4833	-2.210177
4842	-0.855059
4851	0.658076
4861	-1.523042
4870	-0.717393
4879	1.433797
4888	-0.999909
4896	0.589841
4906	1.672021
4915	-1.312352
4924	1.023192
4933	1.827644
4943	-1.284819
4952	0.237894
4961	0.371969
4970	-2.404108
4979	-0.882593
4989	-0.250523
4998	-1.160320
5007	0.161279
5016	2.120934
5025	0.148111
5035	0.579067
5043	2.381901
5052	-0.600077
5061	-0.297210
5071	2.226278
5080	-0.402555
5089	0.240288
5098	2.306484
5107	-0.475578
5117	0.433021
5126	1.426615
5135	-0.225384
5144	-0.084126
5153	0.257047
5163	-1.503888
5172	-2.149126
5180	-0.058987
5189	0.024810
5199	-1.451216
5208	0.784969
5217	0.794546
5226	-0.928082
5235	1.093821
5245	0.111001
5254	-1.060961
5263	1.431403
5272	-0.357065
5281	-1.124407
5291	1.215925
5300	-0.493535
5309	-1.659511
5317	0.069103
5327	-0.682677
5336	-1.387769
5345	0.611389
5354	0.357604
5363	-1.465581
5373	1.455345
5382	1.431403
5391	-0.674297
5400	2.069458
5409	1.642093
5419	-0.487549
5428	1.820461
5437	1.237473
5446	-0.325941
5456	1.306905
5464	0.383940
5473	-0.571346
5482	0.162476
5491	-0.099689
5501	-1.461989
5510	-2.076102
5519	-0.898155
5528	-1.513465
5537	-1.388966
5547	0.559914
5556	0.066708
5565	0.213952
5574	2.123328
5584	0.656879
5592	0.817291
5601	1.807293
5610	-0.813161
5619	-0.779642
5629	0.510833
5638	-1.586488
5647	-1.321929
5656	0.369575
5665	-0.871819
5675	-0.748517
5684	1.354789
5693	-0.390584
5702	-1.192642
5712	1.760606
5721	-0.078141
5729	-0.905338
5738	2.536327
5747	0.369575
5757	-0.020680
5766	2.730257
5775	0.667653
5784	0.222331
5793	1.973690
5803	0.122972
5812	-0.354671
5821	0.332465
5830	-0.671903
5840	-1.882172
5849	-0.901746
5858	0.342041
5866	-1.105253
5875	-0.433680
5885	0.992067
5894	-0.810767
5903	0.014036
5912	1.257824
5921	-0.999909
5931	0.544352
5940	0.970519
5949	-1.008288
5958	0.892708
5968	0.810108
5977	-1.715775
5986	-0.625216
5995	0.066708
6003	-1.599656
6013	-0.041031
6022	1.600194
6031	-0.643172
6040	-0.158347
6049	2.023968
6059	-0.971178
6068	-0.166726
6077	2.312469
6086	-0.968784
6096	0.527592
6105	2.306484
6114	-0.100886
6123	0.889117
6132	1.668429
6142	-0.324744
6150	-0.398964
6159	0.331268
6168	-0.949630
6177	-2.231725
6187	-0.792810
6196	0.060723
6205	-1.303972
6214	0.308523
6224	1.012418
6233	-0.580923
6242	1.341621
6251	1.253035
6260	-0.896958
6270	0.986082
6279	0.128958
6287	-1.707395
6296	0.513227
6305	-0.222990
6315	-1.830696
6324	0.215149
6333	0.138534
6342	-1.682256
6352	0.514424
6361	1.166844
6370	-1.052581
6379	0.640120
6388	1.870739
6398	-1.248906
6407	0.654485
6416	2.057487
6424	-0.928082
6433	1.112974
6443	1.768986
6452	-0.439665
6461	0.910664
6470	1.205151
6480	-0.706619
6489	-0.250523
6498	0.450978
6507	-1.155532
6516	-1.853441
6526	-0.765277
6535	-0.414526
6544	-1.368616
6553	0.417459
6562	0.853203
6571	-0.257706
6580	1.807293
6589	1.285357
6598	-0.539025
6608	1.327255
6617	0.264230
6626	-1.598459
6635	0.089453
6644	-0.446848
6654	-1.830696
6663	0.055934
6672	0.132549
6681	-1.406923
6690	0.149308
6699	1.025586
6708	-0.786825
6717	0.866372
6726	1.697160
6736	-0.960404
6745	0.731099
6754	2.143678
6763	-0.776051
6772	1.151282
6782	1.673218
6791	-0.299605
6800	0.805319
6809	1.239867
6818	-0.723378
6828	-0.594091
6837	0.379152
6845	-1.270453
6854	-2.116804
6864	-0.847877
6873	-0.452833
6882	-1.531421
6891	0.555125
6900	0.684412
6910	-0.250523
6919	2.102977
6928	1.364366
6937	-0.524660
6946	1.523580
6956	0.319297
6965	-1.652329
6974	0.236697
6983	-0.498323
6992	-1.940830
7001	0.023613
7010	-0.096097
7019	-1.545786
7028	-0.482761
7038	0.635331
7047	-1.153137
7056	0.522804
7065	1.633713
7074	-0.810767
7084	0.734691
7093	2.413026
7102	-0.167923
7111	1.253035
7121	1.916229
7129	-0.121237
7138	0.565899
7147	1.042346
7156	-0.604865
7166	-0.746123
7175	0.267821
7184	-1.142364
7193	-2.224543
7202	-1.321929
7212	-0.516280
7221	-1.220175
7230	0.070300
7239	1.042346
7249	-0.044622
7258	1.584632
7266	1.616954
7275	-0.273268
7284	1.021995
7294	0.904679
7303	-1.119619
7312	0.443795
7321	0.504847
7330	-1.599656
7340	-0.232567
7349	-0.116448
7358	-1.758870
7367	-0.863439
7377	1.086638
7386	-1.366221
7395	0.075088
7404	1.663641
7412	-0.789219
7422	0.733493
7431	2.447742
7440	-0.342700
7449	1.104595
7458	2.360353
7468	0.055934
7477	0.861583
7486	1.375139
7495	-0.438468
7505	-0.616836
7514	0.616178
7523	-1.154335
7532	-1.767250
7541	-1.260877
7550	-1.224964
7559	-1.202219
7568	-0.448045
7577	0.197192
7586	-0.036242
7596	0.717931
7605	1.199166
7614	0.324085
7623	0.856795
7633	1.288948
7642	-0.262494
7651	0.267821
7660	0.843627
7669	-1.008288
7679	-0.582120
7688	-0.145179
7696	-1.665497
7705	-0.621625
7714	0.666456
7724	-1.363827
7733	-0.238552
7742	1.019601
7751	-0.664720
7761	0.412670
7770	1.751029
7779	-0.160741
7788	0.825670
7797	2.189168
7807	0.617375
7816	0.650893
7825	0.842430
7834	0.136140
7842	-0.410935
7852	0.342041
7861	-0.616836
7870	-1.331506
7879	-1.586488
7889	-0.930477
7898	-0.807175
7907	-0.882593
7916	-0.123631
7925	-0.218202
7935	-0.134405
7944	1.093821
7953	0.133746
7962	0.054737
7972	1.201560
7980	-0.161938
7989	0.194798
7998	1.300919
8007	-0.653946
8017	-0.457622
8026	0.150505
8035	-0.971178
8044	-0.847877
8053	0.443795
8063	-0.497126
8072	-0.755700
8081	1.041148
8090	-0.129616
8100	-0.347489
8109	1.794125
8117	0.118184
8126	-0.346291
8135	2.026362
8145	0.540760
8154	0.100227
8163	1.648079
8172	0.823276
8181	-0.900549
8191	-0.058987
8200	-0.051805
8209	-1.212993
8218	-1.527830
8228	-0.305590
8237	-1.148349
8245	-1.217781
8254	0.468934
8263	-0.492338
8273	-0.272071
8282	1.153676
8291	-0.452833
8300	0.364786
8309	1.565479
8319	-0.595288
8328	0.166068
8337	1.440980
8346	-0.942448
8356	-0.498323
8365	0.841233
8374	-0.462410
8382	-1.043004
8391	1.949748
8401	0.315705
8410	-1.713381
8419	1.695963
8428	-0.495929
8437	-1.610430
8447	1.697160
8456	-0.205034
8465	-0.730561
8474	2.119736
8484	-0.035045
8493	0.415065
8502	2.148467
8511	0.073891
8519	-0.991529
8529	0.000868
8538	0.031992
8547	-1.394952
8556	-0.012300
8565	0.049949
8575	-1.151940
8584	0.011642
8593	-0.188274
8602	-1.315943
8612	-0.176303
8621	-0.406147
8630	-0.683874
8639	0.480905
8647	-0.297210
8657	-0.322350
8666	0.915453
8675	-0.093703
8684	-0.729364
8693	0.134943
8703	0.401897
8712	-0.756897
8721	0.753844
8730	1.564281
8740	-1.046595
8749	0.664062
8758	1.130931
8767	-1.245314
8776	0.964534
8785	0.576673
8794	-1.558955
8803	0.616178
8812	0.134943
8821	-1.654723
8831	0.601812
8840	0.582659
8849	-1.048990
8858	-0.039834
8868	0.527592
8877	-0.513886
8886	-0.949630
8895	0.046358
8904	-0.389387
8914	-0.464804
8922	0.270215
8931	0.194798
8940	-0.035045
8949	0.522804
8959	-0.183486
8968	-0.299605
8977	0.057132
8986	-0.849074
8996	0.085862
9005	0.485694
9014	-0.762883
9023	0.494073
9032	0.957351
9042	-0.517477
9050	-0.657538
9059	1.833629
9068	0.084665
9077	-1.416500
9087	0.957351
9096	-0.560573
9105	-1.323126
9114	1.233882
9124	-0.758094
9133	-0.195457
9142	2.050304
9151	0.163673
9160	0.155294
9170	1.431403
9179	-0.251721
9188	-1.369813
9196	-0.358262
9205	-0.801190
9215	-1.563743
9224	-0.179894
9233	0.285778
9242	-1.160320
9252	-0.742532
9261	-0.201442
9270	-0.700633
9279	0.236697
9288	0.534775
9298	0.322888
9307	1.178815
9316	0.950169
9325	0.230711
9333	1.395490
9343	-0.029060
9352	-1.177079
9361	0.163673
9370	0.024810
9380	-1.423682
9389	-0.869425
9398	0.337253
9407	-2.050963
9416	-0.116448
9426	0.382743
9435	-1.465581
9444	1.178815
9453	1.371548
9462	-0.503112
9471	2.650052
9480	1.754621
9489	-0.202639
9498	1.273386
9508	0.646105
9517	-0.978361
9526	-0.756897
9535	-0.869425
9544	-1.489523
9554	-1.563743
9563	-1.953998
9572	-1.731337
9581	-0.794007
9590	-1.705001
9600	-0.582120
9608	1.421826
9617	0.761027
9626	1.608574
9636	1.994041
9645	0.772998
9654	0.671244
9663	0.659273
9672	0.291763
9682	-0.653946
9691	-0.612048
9700	-0.242144
9709	-0.135602
9718	-1.357842
9728	-0.068564
9737	-0.037439
9745	-0.188274
9754	1.049528
9764	-0.298407
9773	-0.228976
9782	1.710328
9791	-0.390584
9800	0.447386
9810	2.586606
9819	-0.641975
9828	-0.274465
9837	1.476893
9846	-0.589303
9856	-1.327914
9865	-0.230173
9874	-0.667114
9882	-1.758870
9892	-1.035822
9901	-0.667114
9910	-0.381007
9919	-0.019483
9928	0.195995
9938	0.318099
9947	0.652091
9956	0.138534
9965	-0.348686
9974	0.119381
9984	-0.552193
9993	-0.558178
10002	0.527592
10011	-0.438468
10020	-0.572544
10029	0.552731
10038	-0.582120
10047	-1.014274
10056	-0.232567
10066	0.116987
10075	-1.111239
10084	0.781378
10093	0.182827
10102	-0.758094
10112	1.716313
10121	0.252259
10130	-1.253694
10139	1.079456
10149	0.112198
10158	-1.204613
10167	0.834050
10176	0.460554
10185	-1.106451
10195	-0.679085
10204	0.102621
10213	-1.271650
10222	-0.044622
10231	0.636528
10241	-0.910126
10250	0.239091
10259	0.735888
10268	-0.719787
10278	0.158885
10287	0.406685
10296	-0.938856
10305	0.318099
10314	-0.183486
10324	-0.510294
10333	0.664062
10342	-0.497126
10351	0.014036
10361	0.692792
10370	-0.627610
10378	-0.759291
10387	0.835247
10396	0.618572
10406	-1.403331
10415	0.720325
10424	0.926227
10433	-0.965193
10442	1.517595
10452	0.673638
10461	-1.357842
10470	0.545549
10479	0.216346
10489	-1.038216
10498	0.638922
10507	0.462949
10516	-1.089691
10525	-0.512689
10535	-0.291225
10544	-0.956813
10553	-0.369036
10562	0.155294
10571	-1.060961
10581	-0.444454
10590	0.388728
10599	-0.506703
10608	-0.003921
10618	0.552731
10627	-0.348686
10636	0.049949
10645	0.213952
10654	-0.492338
10664	0.152900
10673	-0.142784
10682	-0.529448
10691	-0.157150
10700	-0.029060
10710	-0.214610
10719	0.628149
10728	1.043543
10737	0.118184
10746	-0.218202
10755	0.824473
10764	-0.076944
10773	-0.365445
10782	0.676033
10792	-0.571346
10801	-0.810767
10810	0.750253
10819	0.145717
10828	0.195995
10838	1.259021
10847	0.143323
10856	-0.773656
10865	0.203178
10875	0.082271
10884	-0.290028
10893	0.155294
10902	0.223529
10911	-0.555784
10921	0.185221
10930	0.027204
10939	-0.639581
10948	-0.209822
10958	-0.379810
10967	-0.776051
10976	-0.440862
10985	-0.420512
10994	-0.437271
11004	0.027204
11013	-0.330729
11022	0.333662
11031	0.926227
11040	0.005656
11050	0.157688
11059	0.969322
11067	0.540760
11076	-0.099689
11086	0.862780
11095	-0.102083
11104	-0.540222
11113	-0.323547
11122	-0.641975
11132	-0.701830
11141	-1.093282
11150	-0.841891
11159	-0.366642
11168	-0.768868
11178	-0.409738
11187	-1.015471
11196	-1.354250
11205	-0.152361
11215	-0.577332
11224	-0.209822
11233	1.530763
11242	-0.009906
11251	0.303734
11261	1.694765
11270	-0.517477
11279	-0.181092
11288	0.704763
11297	-1.366221
11307	-0.965193
11316	-0.709013
11325	-1.688242
11334	-0.706619
11344	-1.005894
11353	-0.667114
11362	0.088256
11371	0.002065
11380	-0.115251
11390	1.518792
11399	1.148887
11408	0.878343
11416	1.614560
11425	1.458937
11435	0.456963
11444	0.201981
11453	0.179236
11462	-0.334320
11472	-0.606062
11481	-0.269677
11490	0.064314
11499	-0.419315
11508	-0.276860
11518	-0.503112
11527	-0.687465
11536	-0.741335
11545	-0.707816
11554	-0.376219
11564	0.391123
11573	0.337253
11582	0.063117
11591	0.800531
11601	0.506044
11610	0.002065
11619	0.325282
11628	-0.051805
11637	-0.719787
11647	-0.695845
11656	-0.616836
11665	-0.489944
11674	-0.049410
11684	-0.225384
11693	-0.057790
11702	0.729902
11711	0.490482
11720	-0.398964
11730	0.995659
11739	0.395911
11747	-1.615218
11756	-0.079338
11765	-0.843088
11775	-1.628386
11784	0.371969
11793	-0.772459
11802	-0.406147
11812	1.832432
11821	0.824473
11830	0.935803
11839	1.396687
11848	0.163673
11858	0.204375
11867	-0.126025
11876	-0.930477
11885	-0.774854
11894	-0.537828
11904	-1.664300
11913	-0.650355
11922	0.302537
11931	-1.062158
11941	0.094242
11950	0.412670
11959	-0.880198
11968	0.212755
11977	0.593433
11987	-0.412132
11996	0.788560
12005	0.929818
12014	-0.091309
12023	0.145717
12033	0.799334
12042	0.131352
12051	0.113395
12060	1.281766
12070	-0.457622
12079	-1.721760
12088	0.356407
12096	-1.477552
12105	-1.582897
12115	0.859189
12124	-0.969981
12133	-0.644370
12142	1.679203
12151	-0.187077
12161	0.116987
12170	0.952563
12179	-0.549799
12188	-0.070958
12198	0.204375
12207	-1.038216
12216	-0.503112
12225	0.539563
12234	-1.339885
12244	-0.158347
12253	1.066287
12262	-0.923294
12271	0.240288
12281	0.648499
12290	-1.207007
12299	-0.160741
12308	0.005656
12317	-1.130393
12327	0.119381
12336	-0.228976
12345	-0.647961
12354	0.753844
12363	0.611389
12373	-0.565361
12382	0.735888
12391	1.472105
12400	-0.766474
12410	-0.635990
12419	1.184800
12428	-0.849074
12437	-0.471987
12446	1.229093
12455	-0.797598
12464	-0.310378
12473	1.251838
12482	-0.378613
12491	-0.361854
12501	0.811305
12510	-0.703027
12519	-0.857454
12528	0.058329
12538	-0.669509
12547	-0.476775
12556	0.630543
12565	-0.797598
12574	-0.789219
12584	0.709551
12593	-0.859848
12602	-0.750912
12611	0.433021
12620	-0.524660
12630	-0.021877
12639	0.515621
12648	-0.604865
12657	0.210360
12667	0.246273
12676	-0.952024
12685	-0.012300
12694	0.251062
12703	-0.771262
12713	0.162476
12722	1.265006
12731	-0.290028
12740	-0.811964
12750	1.359577
12759	-1.192642
12768	-1.609233
12777	1.338029
12786	-1.186656
12796	-0.578529
12805	1.892287
12814	0.061920
12822	-0.321152
12831	1.281766
12841	-0.479170
12850	-1.011880
12859	0.313311
12868	-0.505506
12878	-1.302775
12887	0.492876
12896	-0.510294
12905	-1.082509
12914	0.716734
12924	-0.222990
12933	-0.656341
12942	1.249444
12951	-0.102083
12960	-0.373825
12970	0.600615
12979	-0.633596
12988	-0.024271
12997	0.709551
13007	-0.874213
13016	-0.336715
13025	0.926227
13034	-0.041031
13043	-0.148770
13053	1.716313
13062	-0.227779
13071	-1.642752
13080	1.098609
13089	-0.825132
13099	-1.740914
13108	1.456542
13117	-0.822738
13126	-0.694648
13136	2.004815
13145	0.217543
13154	-0.103280
13163	1.395490
13172	-0.170318
13182	-0.998711
13191	-0.036242
13199	-0.509097
13208	-0.972375
13217	0.738282
13227	-0.795204
13236	-1.081311
13245	0.951366
13254	-0.452833
13264	-0.396570
13273	1.163253
13282	-0.694648
13291	-0.483958
13300	0.655682
13310	-0.987938
13319	0.048752
13328	0.538366
13337	-1.009485
13346	0.041569
13356	0.796940
13365	-0.383402
13374	0.272610
13383	2.198745
13393	-0.365445
13402	-0.961601
13411	1.151282
13420	-1.831894
13429	-1.257285
13439	1.016009
13448	-1.813937
13457	-0.961601
13466	1.889893
13476	-0.195457
13485	0.362392
13494	1.345212
13503	-0.215808
13512	-0.679085
13522	0.112198
13531	-0.905338
13540	-0.748517
13549	0.774195
13558	-1.282424
13567	-1.029836
13576	0.922635
13585	-1.005894
13594	-0.132010
13604	0.984885
13613	-1.199824
13622	-0.257706
13631	0.178039
13640	-1.252497
13650	0.120578
13659	0.235500
13668	-0.896958
13677	0.180433
13686	0.425839
13696	-0.519871
13705	1.381125
13714	2.504005
13723	-0.619230
13733	-0.115251
13742	1.297328
13751	-1.952801
13760	-0.401358
13769	1.130931
13779	-1.852244
13788	-0.355868
13797	1.224305
13806	-0.857454
13815	0.179236
13825	1.199166
13834	-0.803584
13843	-1.515859
13852	-0.347489
13862	-1.192642
13871	-0.426497
13880	0.497665
13889	-0.958010
13898	-0.207428
13908	0.755041
13917	-0.849074
13925	-0.290028
13934	0.691595
13943	-1.368616
13953	-0.488746
13962	0.187615
13971	-0.748517
13980	0.349224
13990	0.173250
13999	-0.849074
14008	0.113395
14017	0.142126
14026	-0.505506
14036	0.776589
14045	1.468513
14054	-1.095677
14063	1.603786
14073	0.980096
14082	-1.551772
14091	1.994041
14100	0.841233
14109	-1.900128
14119	1.129734
14128	-0.098492
14137	-1.764856
14146	0.822079
14155	1.023192
14165	-1.314746
14174	-0.322350
14183	-0.008709
14192	-0.712604
14202	0.188813
14211	0.314508
14220	-0.386993
14229	0.820882
14238	0.636528
14248	-0.924491
14257	0.190010
14265	-0.092506
14274	-2.011459
14283	-0.499520
14293	-0.774854
14302	-1.108845
14311	0.546746
14320	-0.717393
14330	-0.382205
14339	0.984885
14348	-0.282845
14357	-0.049410
14366	1.615757
14376	0.033189
14385	-0.986740
14394	2.038333
14403	-0.589303
14412	-1.558955
14422	2.081429
14431	-0.910126
14440	-0.652749
14449	2.076641
14459	-0.463607
14468	-0.889775
14477	1.141705
14486	-0.446848
14495	-1.186656
14505	-0.604865
14514	-0.322350
14523	-0.969981
14532	-0.140390
14542	-0.704225
14551	-0.561770
14560	0.923832
14569	0.297749
14578	-0.231370
14588	1.050725
14597	-0.057790
14606	-0.616836
14614	0.391123
14623	-0.942448
14633	-0.813161
14642	-0.112857
14651	-1.405726
14660	-0.027863
14670	0.659273
14679	-0.829920
14688	0.478511
14697	1.761803
14706	-1.277636
14716	0.591038
14725	2.356762
14734	-1.508676
14743	1.138113
14752	1.467316
14762	-2.344253
14771	0.352815
14780	1.443374
14789	-1.319534
14799	0.723917
14808	1.047134
14817	-0.887381
14826	-1.240526
14835	-0.469593
14845	-1.124407
14854	-0.224187
14863	0.704763
14872	-0.837103
14881	-0.029060
14891	0.701172
14900	-0.506703
14909	-0.078141
14918	0.380349
14928	-0.908929
14937	-0.214610
14946	0.237894
14955	-0.780839
14964	0.167265
14974	-0.622822
14983	-1.254891
14992	0.004459
