#2.4V C3
0	-0.114375
9	-0.048535
17	-0.128741
26	-0.064097
36	-0.104799
45	-0.052126
53	-0.042549
62	-0.212538
71	-0.034170
81	0.067584
89	-0.065294
98	-0.073674
107	-0.010228
117	0.010123
126	-0.040155
134	-0.100010
143	0.000546
152	0.044839
162	-0.035367
171	-0.088039
180	-0.013819
188	-0.036564
197	-0.211341
207	-0.157471
216	-0.097616
225	-0.146697
233	-0.134726
242	-0.241268
252	-0.207749
261	-0.183807
270	-0.359781
279	-0.277181
288	-0.223312
297	-0.256830
306	-0.213735
315	-0.267604
324	-0.246056
334	-0.141909
342	-0.165851
351	-0.236480
360	-0.102404
369	-0.060506
379	-0.145500
388	-0.107193
396	-0.018607
405	-0.080857
415	-0.080857
424	-0.076068
433	-0.116770
441	-0.054520
450	-0.009030
460	-0.138317
469	-0.071280
478	0.020897
487	-0.177822
495	-0.121558
505	-0.058112
514	-0.189793
523	-0.120361
532	-0.156274
541	-0.185004
550	0.028080
559	-0.127543
568	-0.303517
577	-0.043746
587	-0.066491
595	-0.101207
604	-0.079659
613	0.041248
622	0.140607
632	-0.056914
641	-0.144303
649	0.058007
658	0.164549
667	0.001743
677	-0.016213
686	0.165746
694	0.170535
703	0.089132
712	-0.083251
722	0.030474
731	0.243558
740	0.069978
748	-0.139514
758	-0.222114
767	-0.038958
776	0.017306
785	-0.289152
793	-0.297532
803	-0.083251
812	-0.009030
821	-0.273590
830	-0.332248
839	-0.244859
848	0.126242
857	-0.163456
866	-0.247254
875	-0.179019
885	-0.035367
894	0.069978
902	-0.156274
911	-0.089236
920	0.144198
930	0.183703
939	-0.015016
948	-0.001848
956	0.034065
965	0.175323
975	0.146593
984	0.044839
993	0.072372
1001	0.152578
1010	0.125045
1020	-0.046141
1029	0.022094
1038	0.019700
1047	-0.041352
1057	0.028080
1065	-0.080857
1074	-0.006636
1083	-0.083251
1092	-0.135923
1102	-0.080857
1111	-0.132332
1120	0.005335
1129	-0.132332
1137	-0.115572
1147	0.025685
1156	-0.046141
1165	0.052022
1174	0.012517
1184	-0.058112
1193	0.074767
1202	0.081949
1210	-0.107193
1219	0.017306
1229	0.058007
1238	-0.016213
1247	0.018503
1256	0.001743
1265	0.037656
1275	-0.064097
1283	-0.090433
1292	-0.103601
1301	0.028080
1311	-0.113178
1320	-0.303517
1329	-0.024593
1338	-0.123952
1346	-0.260422
1356	-0.256830
1365	-0.259225
1374	-0.140712
1383	-0.252042
1392	-0.347810
1402	-0.292743
1411	-0.202961
1420	-0.176625
1428	-0.303517
1437	-0.243662
1447	-0.060506
1456	-0.187398
1465	-0.135923
1474	-0.225706
1484	-0.076068
1493	0.010123
1501	-0.140712
1510	-0.155077
1519	0.037656
1529	-0.100010
1538	-0.059309
1547	-0.125149
1556	-0.129938
1565	-0.030578
1574	-0.120361
1583	-0.216129
1592	-0.083251
1601	-0.091630
1611	-0.289152
1620	-0.116770
1629	-0.223312
1638	-0.188596
1646	-0.107193
1656	-0.254436
1665	-0.132332
1674	-0.053323
1683	-0.186201
1692	-0.095222
1702	-0.055717
1711	-0.086842
1719	-0.080857
1728	0.022094
1738	-0.029381
1747	0.014912
1756	0.074767
1765	0.010123
1774	0.079555
1784	0.137016
1792	0.077161
1801	-0.068885
1810	0.073570
1819	0.043642
1829	-0.016213
1838	0.125045
1847	-0.077265
1855	-0.071280
1864	0.058007
1874	-0.149091
1883	-0.111981
1892	-0.017410
1901	-0.189793
1911	-0.149091
1920	-0.097616
1928	-0.246056
1937	-0.005439
1946	-0.067688
1956	-0.103601
1965	-0.012622
1974	-0.058112
1983	-0.044943
1992	0.055613
2001	0.089132
2010	-0.010228
2019	0.193280
2028	0.059204
2038	0.151381
2047	0.190885
2056	0.156169
2064	0.043642
2073	0.144198
2083	0.174126
2092	0.054416
2101	0.180111
2110	0.052022
2119	0.006532
2128	0.077161
2137	0.038854
2146	-0.015016
2155	-0.018607
2165	-0.049732
2174	-0.143106
2183	-0.071280
2192	-0.098813
2200	-0.147894
2210	-0.026987
2219	-0.190990
2228	-0.140712
2237	0.007729
2246	-0.096419
2256	-0.131135
2265	-0.042549
2273	-0.037761
2282	-0.041352
2291	-0.053323
2301	-0.111981
2310	-0.025790
2319	0.041248
2328	-0.128741
2338	-0.030578
2346	0.097512
2355	-0.089236
2364	-0.156274
2373	-0.117967
2383	-0.094025
2392	-0.067688
2401	-0.164654
2410	-0.231691
2419	-0.125149
2428	-0.216129
2437	-0.366964
2446	-0.303517
2455	-0.174230
2465	-0.213735
2474	-0.310700
2483	-0.315488
2492	-0.258027
2500	-0.210143
2510	-0.159865
2519	-0.327459
2528	-0.204158
2537	-0.067688
2546	-0.214932
2556	-0.201764
2565	-0.111981
2573	-0.119164
2582	-0.022199
2592	-0.121558
2601	-0.165851
2610	0.059204
2619	0.005335
2628	-0.147894
2638	-0.043746
2646	-0.071280
2655	-0.047338
2664	-0.073674
2673	-0.068885
2683	-0.088039
2692	-0.031775
2701	-0.144303
2710	-0.016213
2720	-0.049732
2728	-0.115572
2737	-0.055717
2746	-0.194581
2755	-0.067688
2765	-0.044943
2774	-0.171836
2783	0.000546
2791	-0.038958
2800	-0.044943
2810	0.005335
2819	-0.003045
2828	0.077161
2837	0.063993
2847	0.047233
2856	0.037656
2864	0.208842
2873	0.157367
2882	0.069978
2892	0.092723
2901	0.035262
2910	0.177717
2919	0.081949
2927	-0.024593
2937	-0.018607
2946	-0.043746
2955	0.005335
2964	-0.109587
2973	-0.138317
2983	-0.064097
2992	-0.102404
3000	-0.163456
3009	-0.090433
3019	-0.242465
3028	-0.139514
3037	-0.083251
3046	-0.242465
3055	-0.012622
3065	-0.098813
3073	-0.084448
3082	0.042445
3091	-0.012622
3100	-0.055717
3110	0.120256
3119	0.044839
3128	-0.036564
3137	0.131030
3146	0.034065
3155	0.060401
3164	0.135819
3173	0.054416
3182	-0.001848
3192	0.132227
3201	0.011320
3210	-0.067688
3218	0.072372
3227	-0.035367
3237	-0.098813
3246	-0.040155
3255	-0.161062
3264	-0.126346
3274	-0.077265
3283	-0.126346
3291	-0.117967
3300	-0.038958
3309	-0.101207
3319	-0.254436
3328	-0.025790
3337	-0.147894
3346	-0.114375
3355	0.040051
3364	-0.138317
3373	-0.089236
3382	0.081949
3391	-0.086842
3400	-0.066491
3410	0.025685
3419	-0.042549
3428	-0.005439
3436	0.078358
3446	-0.083251
3455	-0.151485
3464	-0.007833
3473	-0.073674
3482	-0.137120
3492	-0.038958
3501	-0.127543
3509	-0.168245
3518	-0.117967
3527	-0.273590
3537	-0.244859
3546	-0.067688
3555	-0.272393
3564	-0.266407
3574	-0.158668
3582	-0.228100
3591	-0.146697
3600	-0.190990
3609	-0.201764
3619	-0.134726
3628	-0.119164
3637	-0.139514
3646	-0.128741
3655	-0.085645
3664	-0.019804
3673	-0.026987
3682	-0.083251
3691	-0.064097
3701	-0.052126
3710	-0.024593
3719	-0.070083
3728	-0.134726
3736	0.040051
3746	-0.032972
3755	-0.143106
3764	-0.026987
3773	-0.088039
3782	-0.126346
3792	-0.019804
3800	-0.262816
3809	-0.061703
3818	-0.151485
3827	-0.193384
3837	-0.054520
3846	-0.144303
3855	-0.100010
3864	-0.066491
3873	-0.177822
3882	-0.048535
3891	-0.022199
3900	-0.141909
3909	0.040051
3919	-0.026987
3928	-0.052126
3937	0.104694
3945	0.050825
3954	0.005335
3964	0.105891
3973	0.123848
3982	0.043642
3991	-0.029381
4001	-0.055717
4010	-0.019804
4018	0.133425
4027	-0.083251
4036	-0.165851
4046	-0.041352
4055	-0.094025
4064	-0.156274
4073	-0.177822
4082	-0.180216
4091	-0.261619
4100	-0.147894
4109	-0.147894
4118	-0.293940
4128	-0.163456
4137	-0.098813
4146	-0.173033
4155	-0.066491
4164	-0.068885
4173	-0.173033
4182	0.122651
4191	-0.058112
4200	0.008926
4209	0.150184
4219	0.037656
4228	0.010123
4237	0.129833
4245	0.103497
4255	0.103497
4264	0.192082
4273	-0.011425
4282	0.103497
4291	0.091526
4301	-0.006636
4309	-0.024593
4318	0.018503
4327	-0.021001
4336	-0.016213
4346	0.005335
4355	-0.170639
4364	-0.076068
4373	-0.005439
4381	-0.107193
4391	-0.032972
4400	-0.021001
4409	-0.055717
4418	0.030474
4428	-0.062900
4437	-0.043746
4446	0.047233
4454	0.040051
4463	-0.030578
4473	0.023291
4482	0.056810
4491	-0.028184
4500	0.031671
4509	0.006532
4518	-0.054520
4527	0.052022
4536	-0.000651
4545	-0.047338
4555	-0.038958
4564	-0.153880
4573	-0.058112
4582	-0.077265
4590	-0.133529
4600	-0.204158
4609	-0.179019
4618	-0.153880
4627	-0.287955
4636	-0.272393
4646	-0.200567
4655	-0.223312
4664	-0.174230
4672	-0.226903
4682	-0.255633
4691	-0.120361
4700	-0.157471
4709	-0.232888
4718	-0.151485
4728	-0.152683
4737	-0.173033
4745	-0.135923
4754	-0.109587
4763	-0.113178
4773	-0.004242
4782	-0.134726
4791	-0.129938
4800	-0.044943
4810	-0.086842
4818	-0.101207
4827	-0.127543
4836	-0.204158
4845	-0.028184
4855	-0.167048
4864	-0.242465
4873	-0.046141
4882	-0.207749
4891	-0.180216
4900	-0.103601
4909	-0.186201
4918	-0.105996
4927	-0.080857
4936	-0.170639
4946	-0.103601
4955	-0.140712
4964	-0.082054
4972	-0.122755
4982	-0.065294
4991	0.011320
5000	-0.041352
5009	0.012517
5018	0.010123
5028	0.029277
5036	0.084343
5045	0.043642
5054	0.026883
5063	0.115468
5073	0.137016
5082	0.096314
5091	0.007729
5100	0.016109
5109	0.093920
5118	0.011320
5127	-0.110784
5136	-0.110784
5145	-0.003045
5155	-0.080857
5164	-0.079659
5173	-0.127543
5181	-0.129938
5190	-0.007833
5200	-0.177822
5209	-0.102404
5218	-0.054520
5227	-0.104799
5237	-0.114375
5246	0.087935
5254	-0.159865
5263	0.043642
5272	0.077161
5282	-0.123952
5291	0.097512
5300	0.098709
5309	0.018503
5317	0.104694
5327	0.111877
5336	-0.003045
5345	0.171732
5354	0.091526
5363	0.034065
5373	0.156169
5382	0.001743
5390	0.028080
5399	0.060401
5409	0.020897
5418	-0.034170
5427	-0.034170
5436	0.008926
5445	-0.133529
5454	-0.047338
5463	-0.163456
5472	-0.111981
5481	-0.094025
5490	-0.108390
5500	-0.037761
5509	-0.061703
5518	-0.058112
5526	-0.082054
5536	-0.080857
5545	0.028080
5554	0.036459
5563	0.004138
5572	-0.061703
5582	-0.064097
5590	0.072372
5599	-0.104799
5608	0.047233
5617	0.053219
5627	-0.138317
5636	-0.000651
5645	-0.007833
5654	-0.145500
5663	-0.161062
5672	-0.125149
5681	-0.180216
5690	-0.128741
5699	-0.231691
5709	-0.265210
5718	-0.189793
5727	-0.214932
5736	-0.363372
5744	-0.274787
5754	-0.140712
5763	-0.260422
5772	-0.236480
5781	-0.216129
5791	-0.236480
5800	-0.089236
5809	-0.097616
5817	-0.244859
5826	-0.035367
5836	-0.047338
5845	-0.208946
5854	-0.067688
5863	-0.068885
5872	-0.073674
5882	-0.000651
5890	-0.104799
5899	-0.110784
5908	0.066387
5917	-0.123952
5927	-0.180216
5936	-0.034170
5945	-0.135923
5954	-0.084448
5963	-0.110784
5972	-0.210143
5981	-0.037761
5990	-0.126346
5999	-0.217326
6009	-0.079659
6018	-0.168245
6027	-0.137120
6036	-0.095222
6044	-0.134726
6054	0.008926
6063	-0.009030
6072	-0.034170
6081	-0.049732
6091	0.067584
6100	0.043642
6108	-0.056914
6117	0.104694
6126	0.101103
6136	0.053219
6145	0.079555
6154	0.090329
6163	0.046036
6172	0.091526
6181	0.154972
6190	-0.022199
6199	0.000546
6208	0.108285
6218	-0.005439
6227	-0.062900
6236	-0.055717
6244	-0.152683
6253	-0.009030
6263	-0.149091
6272	-0.205355
6281	-0.048535
6290	-0.149091
6299	-0.147894
6309	-0.146697
6317	-0.156274
6326	-0.105996
6335	-0.107193
6344	-0.115572
6354	0.092723
6363	-0.105996
6372	0.012517
6381	0.007729
6390	-0.036564
6399	0.140607
6408	0.025685
6417	0.004138
6426	0.089132
6436	0.114271
6445	0.008926
6453	0.048430
6462	0.128636
6471	0.000546
6481	-0.009030
6490	0.019700
6499	0.007729
6508	-0.107193
6518	-0.019804
6526	-0.101207
6535	-0.010228
6544	-0.062900
6553	-0.149091
6563	-0.145500
6572	-0.077265
6581	-0.062900
6589	-0.196975
6598	-0.036564
6608	-0.018607
6617	-0.182610
6626	0.031671
6635	0.013714
6645	0.034065
6654	0.060401
6662	-0.113178
6671	-0.004242
6680	0.080752
6690	-0.034170
6699	-0.168245
6708	0.017306
6717	0.108285
6726	-0.056914
6735	-0.092828
6744	-0.048535
6753	-0.064097
6762	-0.155077
6771	-0.171836
6781	-0.072477
6790	-0.024593
6799	-0.231691
6807	-0.127543
6817	-0.189793
6826	-0.158668
6835	-0.161062
6844	-0.316685
6853	-0.189793
6863	-0.120361
6872	-0.246056
6881	-0.214932
6889	-0.089236
6898	-0.123952
6908	-0.149091
6917	-0.103601
6926	-0.168245
6935	-0.034170
6945	0.017306
6954	-0.186201
6962	-0.062900
6971	-0.029381
6980	-0.084448
6990	-0.047338
6999	-0.137120
7008	-0.055717
7017	0.028080
7026	-0.246056
7035	-0.095222
7044	-0.094025
7053	-0.151485
7062	-0.181413
7072	-0.190990
7081	-0.105996
7090	-0.050929
7099	-0.175427
7107	-0.173033
7117	-0.067688
7126	-0.117967
7135	-0.144303
7144	-0.183807
7153	-0.000651
7163	-0.037761
7172	-0.161062
7180	0.000546
7189	0.048430
7199	-0.052126
7208	-0.010228
7217	-0.049732
7226	-0.011425
7235	0.099906
7245	-0.037761
7253	0.030474
7262	0.119059
7271	0.075964
7280	0.042445
7290	0.004138
7299	-0.064097
7308	-0.005439
7316	0.071175
7325	-0.125149
7335	-0.103601
7344	-0.076068
7353	-0.055717
7362	-0.121558
7372	-0.223312
7381	-0.117967
7389	-0.140712
7398	-0.152683
7407	-0.120361
7417	-0.187398
7426	-0.145500
7435	-0.037761
7444	-0.113178
7453	-0.024593
7463	0.000546
7471	-0.122755
7480	0.115468
7489	0.042445
7499	0.034065
7508	0.111877
7517	0.025685
7526	0.138213
7534	0.043642
7544	0.105891
7553	0.131030
7562	0.172929
7571	0.000546
7580	0.018503
7590	0.031671
7599	0.000546
7607	-0.024593
7616	-0.032972
7626	-0.059309
7635	-0.053323
7644	-0.005439
7653	-0.074871
7662	-0.159865
7672	-0.046141
7680	-0.114375
7689	-0.068885
7698	-0.048535
7707	0.013714
7717	-0.064097
7726	-0.100010
7735	-0.004242
7743	-0.028184
7752	0.029277
7762	0.022094
7771	-0.071280
7780	0.035262
7789	0.030474
7799	-0.019804
7808	0.002941
7816	-0.038958
7825	0.047233
7834	-0.017410
7844	-0.038958
7853	-0.086842
7862	-0.108390
7871	-0.125149
7880	-0.133529
7889	-0.139514
7898	-0.187398
7907	-0.206552
7916	-0.229297
7926	-0.217326
7935	-0.260422
7944	-0.264013
7953	-0.261619
7961	-0.213735
7971	-0.266407
7980	-0.204158
7989	-0.206552
7998	-0.146697
8007	-0.139514
8017	-0.179019
8026	-0.187398
8035	-0.119164
8043	-0.076068
8053	-0.161062
8062	-0.167048
8071	0.014912
8080	-0.084448
8089	-0.115572
8099	-0.009030
8108	-0.173033
8116	-0.105996
8125	-0.073674
8134	-0.238874
8144	-0.138317
8153	-0.032972
8162	-0.273590
8171	-0.139514
8181	-0.092828
8189	-0.186201
8198	-0.092828
8207	-0.181413
8216	-0.212538
8226	-0.042549
8235	-0.174230
8244	-0.149091
8253	-0.109587
8261	-0.034170
8271	0.028080
8280	-0.137120
8289	-0.068885
8298	0.075964
8307	0.129833
8317	-0.046141
8326	-0.167048
8334	0.158564
8343	0.296230
8353	-0.049732
8362	-0.168245
8371	0.146593
8380	0.333340
8389	0.061599
8399	-0.322671
8407	-0.046141
8416	0.301019
8425	0.143001
8434	-0.360978
8444	-0.253239
8453	0.115468
8462	0.032868
8471	-0.268801
8480	-0.346613
8489	-0.016213
8498	0.096314
8507	-0.216129
8516	-0.298729
8526	-0.158668
8535	0.042445
8544	0.034065
8552	-0.167048
8561	-0.175427
8571	0.205251
8580	-0.018607
8589	-0.013819
8598	0.034065
8608	0.126242
8617	0.194477
8625	-0.021001
8634	-0.017410
8643	0.110680
8653	0.188491
8662	0.023291
8671	0.110680
8680	0.022094
8688	0.107088
8698	-0.015016
8707	-0.090433
8716	-0.067688
8725	-0.026987
8735	0.013714
8744	-0.109587
8753	-0.133529
8761	-0.018607
8770	-0.132332
8780	-0.133529
8789	-0.141909
8798	-0.064097
8807	-0.052126
8816	-0.001848
8826	-0.074871
8835	-0.114375
8843	0.018503
8852	0.010123
8861	-0.001848
8871	-0.010228
8880	-0.013819
8889	0.062796
8898	-0.078462
8907	-0.091630
8916	0.080752
8925	-0.016213
8934	-0.084448
8943	-0.006636
8953	-0.019804
8962	-0.156274
8971	-0.205355
8979	-0.117967
8988	-0.068885
8998	-0.194581
9007	-0.206552
9016	-0.168245
9025	-0.155077
9035	-0.189793
9044	-0.314291
9053	-0.208946
9061	-0.169442
9070	-0.237677
9080	-0.189793
9089	-0.232888
9098	-0.147894
9107	-0.060506
9116	-0.230494
9126	-0.146697
9134	-0.041352
9143	-0.105996
9152	-0.115572
9162	-0.114375
9171	-0.029381
9180	0.007729
9189	-0.127543
9198	-0.120361
9208	0.004138
9216	-0.052126
9225	-0.140712
9234	-0.126346
9243	-0.120361
9253	0.023291
9262	-0.128741
9271	-0.211341
9280	-0.041352
9288	-0.146697
9298	-0.151485
9307	-0.122755
9316	-0.165851
9325	-0.047338
9335	-0.104799
9344	-0.216129
9353	-0.012622
9362	-0.074871
9370	-0.091630
9380	-0.031775
9389	-0.037761
9398	0.090329
9407	0.006532
9416	0.004138
9426	0.012517
9434	0.038854
9443	0.119059
9452	-0.023396
9462	0.063993
9471	0.062796
9480	0.108285
9489	0.002941
9498	0.004138
9507	0.065190
9516	-0.019804
9525	0.005335
9534	-0.132332
9543	-0.072477
9553	-0.064097
9562	-0.163456
9571	-0.210143
9579	-0.169442
9589	-0.168245
9598	-0.133529
9607	-0.180216
9616	-0.280772
9625	-0.046141
9635	-0.173033
9644	-0.097616
9652	0.007729
9661	-0.189793
9670	0.089132
9680	-0.019804
9689	0.023291
9698	0.078358
9707	0.087935
9717	0.081949
9725	0.066387
9734	0.122651
9743	0.085541
9752	0.114271
9762	0.144198
9771	0.105891
9780	-0.021001
9789	0.000546
9797	-0.000651
9807	-0.040155
9816	-0.046141
9825	-0.077265
9834	0.024488
9843	-0.085645
9853	-0.034170
9861	-0.117967
9870	-0.200567
9879	-0.058112
9889	-0.146697
9898	-0.065294
9907	-0.031775
9916	-0.079659
9925	-0.050929
9935	-0.065294
9943	0.013714
9952	0.055613
9961	-0.046141
9970	-0.019804
9980	-0.005439
9989	0.056810
9998	-0.018607
10006	-0.036564
10016	0.069978
10025	-0.055717
10034	-0.004242
10043	0.012517
10052	-0.114375
10062	-0.110784
10071	-0.100010
10080	-0.071280
10089	-0.085645
10098	-0.194581
10108	-0.145500
10117	-0.226903
10126	-0.256830
10134	-0.292743
10144	-0.292743
10153	-0.171836
10162	-0.194581
10171	-0.281969
10180	-0.220917
10190	-0.217326
10199	-0.133529
10208	-0.204158
10217	-0.220917
10226	-0.023396
10236	-0.114375
10245	-0.133529
10254	-0.098813
10262	-0.089236
10272	0.022094
10281	-0.067688
10290	-0.135923
10299	-0.084448
10308	0.018503
10318	-0.151485
10327	-0.104799
10336	-0.043746
10345	-0.122755
10354	-0.046141
10364	-0.278378
10373	-0.140712
10382	-0.043746
10390	-0.228100
10400	-0.129938
10409	-0.144303
10418	-0.211341
10427	-0.009030
10436	-0.237677
10446	-0.186201
10455	0.026883
10464	-0.107193
10473	-0.059309
10482	-0.023396
10492	0.017306
10501	-0.047338
10510	-0.015016
10518	0.067584
10528	0.041248
10537	0.098709
10546	0.020897
10555	0.093920
10564	0.125045
10574	0.030474
10583	0.073570
10592	0.026883
10601	-0.004242
10610	0.037656
10620	0.030474
10628	-0.050929
10637	-0.129938
10646	-0.023396
10656	-0.067688
10665	-0.163456
10674	-0.114375
10683	-0.183807
10692	-0.138317
10702	-0.111981
10711	-0.241268
10720	-0.116770
10729	-0.044943
10738	-0.182610
10748	0.080752
10756	-0.086842
10765	-0.088039
10774	0.152578
10784	-0.074871
10793	0.079555
10802	0.195674
10811	0.037656
10820	0.098709
10830	0.243558
10839	0.086738
10848	0.135819
10857	0.175323
10866	0.041248
10875	0.007729
10884	0.097512
10893	0.073570
10902	-0.096419
10912	0.054416
10921	-0.038958
10930	-0.052126
10939	-0.028184
10948	-0.167048
10958	-0.102404
10967	-0.037761
10976	-0.059309
10985	-0.162259
10993	0.008926
11003	-0.040155
11012	-0.200567
11021	0.030474
11030	-0.028184
11040	0.029277
11049	0.046036
11058	-0.147894
11067	0.055613
11076	0.092723
11086	-0.116770
11095	-0.026987
11103	0.040051
11112	0.053219
11121	-0.060506
11131	-0.023396
11140	-0.012622
11149	-0.078462
11158	-0.187398
11168	-0.182610
11177	-0.072477
11186	-0.090433
11195	-0.292743
11204	-0.163456
11214	-0.223312
11223	-0.265210
11231	-0.267604
11240	-0.293940
11249	-0.275984
11259	-0.158668
11268	-0.265210
11277	-0.256830
11286	-0.177822
11296	-0.134726
11305	-0.173033
11314	-0.176625
11323	-0.150288
11332	-0.018607
11342	-0.079659
11351	-0.153880
11359	-0.053323
11368	0.028080
11377	-0.102404
11387	-0.071280
11396	-0.079659
11405	0.011320
11414	-0.084448
11424	-0.143106
11433	-0.059309
11442	-0.089236
11451	-0.078462
11460	-0.180216
11470	-0.161062
11479	-0.074871
11487	-0.187398
11496	-0.153880
11505	-0.084448
11515	-0.231691
11524	-0.030578
11533	-0.152683
11542	-0.174230
11552	0.010123
11561	-0.133529
11570	-0.096419
11579	0.034065
11588	-0.070083
11598	0.007729
11606	0.061599
11615	-0.012622
11624	0.048430
11633	0.107088
11643	0.029277
11652	0.079555
11661	0.186097
11670	0.034065
11680	0.086738
11689	-0.055717
11698	-0.050929
11707	0.121454
11715	-0.058112
11725	-0.084448
11734	-0.108390
11743	-0.031775
11752	-0.177822
11761	-0.187398
11771	-0.119164
11780	-0.192187
11789	-0.135923
11798	-0.050929
11808	-0.210143
11817	-0.120361
11826	0.014912
11835	-0.212538
11844	0.102300
11853	0.008926
11862	-0.216129
11871	0.129833
11880	-0.055717
11889	0.020897
11899	0.216025
11908	0.059204
11917	0.044839
11926	0.245952
11936	0.006532
11945	0.078358
11954	0.232784
11962	0.022094
11971	0.005335
11981	0.157367
11990	-0.011425
11999	-0.071280
12008	0.135819
12017	-0.096419
12027	-0.098813
12036	-0.030578
12045	-0.198172
12054	-0.141909
12064	-0.046141
12073	-0.168245
12082	-0.143106
12091	-0.021001
12099	-0.110784
12109	-0.200567
12118	0.069978
12127	-0.092828
12136	-0.018607
12145	0.109483
12155	-0.105996
12164	-0.013819
12173	0.157367
12182	-0.156274
12192	-0.062900
12201	0.111877
12210	-0.092828
12219	-0.021001
12227	0.046036
12237	-0.147894
12246	-0.170639
12255	-0.066491
12264	-0.167048
12273	-0.147894
12283	-0.072477
12292	-0.271196
12301	-0.211341
12310	-0.183807
12320	-0.399285
12329	-0.186201
12338	-0.170639
12347	-0.335839
12355	-0.205355
12365	-0.241268
12374	-0.252042
12383	-0.152683
12392	-0.159865
12401	-0.244859
12411	-0.113178
12420	-0.055717
12429	-0.186201
12438	-0.070083
12448	-0.065294
12457	-0.097616
12466	-0.024593
12475	-0.055717
12483	-0.103601
12493	0.032868
12502	-0.058112
12511	-0.125149
12520	-0.067688
12529	-0.065294
12539	-0.129938
12548	-0.116770
12557	-0.149091
12566	-0.189793
12576	-0.011425
12585	-0.214932
12594	-0.192187
12603	-0.061703
12611	-0.177822
12621	-0.108390
12630	-0.128741
12639	-0.228100
12648	-0.010228
12657	-0.113178
12667	-0.085645
12676	0.018503
12685	-0.059309
12694	0.023291
12704	0.095117
12713	0.014912
12722	0.065190
12730	0.065190
12739	0.108285
12749	0.066387
12758	0.110680
12767	0.007729
12776	-0.012622
12785	0.030474
12795	0.075964
12804	-0.036564
12813	-0.120361
12822	-0.121558
12832	-0.077265
12841	-0.085645
12849	-0.111981
12858	-0.198172
12867	-0.133529
12877	-0.164654
12886	-0.138317
12895	-0.162259
12904	-0.190990
12913	-0.138317
12923	0.074767
12932	-0.171836
12941	-0.006636
12950	0.028080
12960	-0.080857
12968	0.059204
12977	0.012517
12986	0.013714
12995	0.178914
13005	0.102300
13014	0.038854
13023	0.210039
13032	0.065190
13041	0.101103
13051	0.178914
13060	-0.025790
13069	0.030474
13077	0.087935
13087	-0.035367
13096	-0.101207
13105	0.052022
13114	0.018503
13123	-0.171836
13133	-0.048535
13142	-0.187398
13151	-0.109587
13160	-0.095222
13169	-0.098813
13179	-0.116770
13188	-0.054520
13197	-0.076068
13205	-0.123952
13215	-0.013819
13224	0.029277
13233	0.017306
13242	0.007729
13251	-0.104799
13261	-0.035367
13270	0.020897
13279	-0.108390
13288	-0.006636
13297	0.105891
13307	-0.082054
13315	-0.052126
13324	-0.022199
13333	-0.100010
13343	-0.125149
13352	-0.104799
13361	-0.114375
13370	-0.167048
13379	-0.170639
13389	-0.180216
13398	-0.190990
13407	-0.208946
13416	-0.382526
13425	-0.241268
13435	-0.202961
13444	-0.308306
13452	-0.156274
13461	-0.219720
13471	-0.248451
13480	-0.038958
13489	-0.238874
13498	-0.232888
13507	-0.040155
13517	-0.139514
13526	-0.170639
13535	-0.048535
13544	-0.077265
13553	-0.026987
13563	-0.019804
13571	-0.152683
13580	-0.123952
13589	0.024488
13599	-0.116770
13608	-0.100010
13617	-0.074871
13626	-0.037761
13635	-0.133529
13645	-0.156274
13654	-0.098813
13663	-0.212538
13672	-0.091630
13681	-0.162259
13691	-0.165851
13699	-0.034170
13708	-0.139514
13717	-0.195778
13727	-0.010228
13736	-0.159865
13745	-0.041352
13754	-0.078462
13763	-0.094025
13773	0.099906
13782	-0.041352
13791	-0.035367
13800	0.073570
13809	0.032868
13818	0.029277
13827	0.053219
13836	0.086738
13845	0.087935
13855	0.169338
13864	0.013714
13873	-0.016213
13882	0.068781
13891	0.018503
13901	-0.029381
13910	-0.084448
13919	-0.101207
13928	-0.062900
13936	-0.150288
13946	-0.077265
13955	-0.187398
13964	-0.050929
13973	-0.132332
13983	-0.249648
13992	-0.084448
14001	-0.071280
14010	-0.175427
14019	0.023291
14029	-0.113178
14038	-0.167048
14047	0.115468
14055	-0.090433
14064	0.040051
14074	0.153775
14083	0.058007
14092	0.087935
14101	0.186097
14111	0.014912
14120	0.086738
14129	0.156169
14138	0.040051
14147	0.125045
14157	0.011320
14166	0.037656
14174	0.031671
14183	0.032868
14192	-0.049732
14202	-0.072477
14211	0.031671
14220	-0.092828
14229	-0.066491
14239	-0.164654
14248	-0.101207
14257	-0.117967
14266	-0.131135
14275	-0.065294
14285	-0.079659
14294	-0.096419
14302	-0.085645
14311	-0.055717
14320	0.096314
14330	-0.011425
14339	-0.042549
14348	-0.032972
14357	-0.001848
14367	-0.025790
14376	-0.084448
14385	0.007729
14394	0.079555
14403	-0.128741
14413	-0.031775
14421	-0.040155
14430	-0.090433
14439	-0.153880
14448	-0.202961
14458	-0.120361
14467	-0.109587
14476	-0.216129
14485	-0.180216
14495	-0.186201
14504	-0.198172
14513	-0.287955
14522	-0.285561
14531	-0.181413
14541	-0.231691
14549	-0.230494
14558	-0.212538
14567	-0.214932
14576	-0.095222
14586	-0.187398
14595	-0.225706
14604	-0.092828
14613	-0.141909
14623	-0.108390
14632	-0.072477
14641	-0.091630
14650	-0.053323
14659	-0.025790
14669	-0.179019
14677	-0.105996
14686	0.043642
14695	-0.179019
14704	-0.088039
14714	-0.059309
14723	-0.113178
14732	0.002941
14741	-0.253239
14751	-0.157471
14760	-0.096419
14769	-0.190990
14778	-0.167048
14787	-0.088039
14797	-0.123952
14805	-0.041352
14814	-0.193384
14823	-0.092828
14832	0.017306
14842	-0.103601
14851	-0.038958
14860	-0.058112
14869	0.047233
14879	0.022094
14888	-0.056914
14897	0.038854
14906	0.080752
14915	0.071175
14924	0.031671
14933	0.091526
14942	0.089132
14951	0.061599
14960	0.081949
14970	-0.078462
14979	-0.000651
14988	0.056810
14997	0.000546
