
--- INICIANDO LECTURA DE 10 SEGUNDOS ---
Tiempo(ms),Aceleracion_Z(m/s^2)
0	0.069097
9	0.350415
19	0.260633
28	-0.036248
36	0.126557
45	0.291757
54	0.148105
64	0.215143
72	0.271407
81	0.166062
90	0.344430
100	0.363583
109	0.175638
117	0.439001
126	0.486885
135	0.209157
145	0.294151
154	0.429424
162	0.367175
171	0.291757
180	0.229508
190	0.106207
199	0.239085
208	0.207960
216	-0.120045
226	-0.170324
235	-0.075753
244	-0.170324
253	-0.208631
261	-0.398970
271	-0.601280
280	-0.530651
289	-0.436080
298	-0.737749
307	-0.788028
316	-0.536636
325	-0.711413
334	-0.791619
343	-0.663529
352	-0.578535
362	-0.613251
370	-0.511497
379	-0.568958
388	-0.412138
398	-0.382210
407	-0.336721
416	-0.207434
424	0.011636
433	-0.036248
443	-0.030263
452	0.128952
461	0.204369
469	0.292954
478	0.230705
488	0.194792
497	0.368372
506	0.495264
515	0.292954
523	0.249859
533	0.344430
542	0.282180
551	0.274998
560	0.229508
569	0.180427
578	0.203172
587	0.148105
596	0.146908
605	0.174441
615	0.204369
623	0.028395
632	0.100221
641	0.175638
650	0.240282
660	0.253450
668	0.212749
677	0.120572
686	0.379146
696	0.374357
705	0.308517
713	0.379146
722	0.494067
731	0.389920
741	0.363583
750	0.342036
759	0.441395
767	0.374357
776	0.233099
786	0.158879
795	0.283378
804	0.280983
812	0.052337
821	-0.179900
831	-0.171521
840	-0.110469
849	-0.143987
858	-0.364254
867	-0.641981
876	-0.591703
885	-0.349889
894	-0.627616
903	-0.784436
913	-0.634799
921	-0.635996
930	-0.837109
939	-0.692260
948	-0.652755
958	-0.574944
967	-0.542622
975	-0.519877
984	-0.495935
994	-0.294822
1003	-0.293625
1012	-0.232573
1021	-0.012306
1029	0.012833
1039	0.073885
1048	0.190004
1057	0.188807
1066	0.215143
1075	0.315699
1085	0.255844
1094	0.370766
1102	0.429424
1111	0.200778
1120	0.223523
1130	0.344430
1139	0.267815
1148	0.150499
1157	0.185215
1167	0.113389
1175	0.081068
1184	0.162470
1193	0.053534
1202	0.097827
1212	0.155288
1221	-0.035051
1230	0.048746
1238	0.151696
1247	0.185215
1257	0.198383
1266	0.158879
1275	0.282180
1284	0.361189
1294	0.395905
1302	0.179230
1311	0.403088
1320	0.537163
1329	0.373160
1339	0.358795
1348	0.415059
1357	0.407876
1366	0.343233
1374	0.228311
1384	0.221128
1393	0.223523
1402	0.193595
1411	-0.063782
1421	-0.116454
1430	-0.085330
1439	-0.190674
1447	-0.303202
1456	-0.476781
1466	-0.641981
1475	-0.527060
1484	-0.440868
1493	-0.699442
1502	-0.816758
1512	-0.606068
1520	-0.703034
1529	-0.692260
1538	-0.675500
1547	-0.609660
1557	-0.556987
1566	-0.528257
1575	-0.477979
1584	-0.370239
1593	-0.176309
1602	-0.141593
1611	-0.124834
1620	0.004453
1629	0.132543
1639	0.139725
1648	0.182821
1657	0.154091
1665	0.191201
1674	0.330064
1684	0.386328
1693	0.333656
1702	0.253450
1711	0.291757
1721	0.257041
1729	0.255844
1738	0.266618
1747	0.134937
1756	0.113389
1766	0.276195
1775	0.191201
1784	0.027198
1793	-0.014701
1801	0.118178
1811	0.151696
1820	0.112192
1829	0.100221
1838	0.143317
1848	0.321685
1857	0.221128
1865	0.108601
1874	0.355204
1883	0.368372
1893	0.310911
1902	0.350415
1911	0.406679
1920	0.461746
1929	0.497659
1938	0.297743
1947	0.248662
1956	0.460549
1965	0.337247
1974	0.095433
1984	0.154091
1993	0.257041
2002	0.130149
2010	-0.086527
2020	-0.268486
2029	-0.196660
2038	-0.100892
2047	-0.487555
2056	-0.573747
2066	-0.553396
2075	-0.529454
2083	-0.464810
2092	-0.802393
2101	-0.752115
2111	-0.525863
2120	-0.706625
2129	-0.756903
2138	-0.590506
2148	-0.551002
2156	-0.533045
2165	-0.488752
2174	-0.582126
2183	-0.217011
2193	-0.126031
2202	-0.355874
2211	-0.139199
2220	0.209157
2228	0.012833
2238	0.016424
2247	0.166062
2256	0.096630
2265	0.306122
2275	0.316896
2284	0.166062
2292	0.373160
2301	0.444986
2310	0.148105
2320	0.318093
2329	0.422241
2338	0.149302
2347	0.163667
2356	0.308517
2365	0.195989
2374	0.204369
2383	0.176836
2392	-0.005124
2402	0.257041
2411	0.289363
2420	0.072688
2429	0.161273
2437	0.286969
2447	0.315699
2456	0.314502
2465	0.258238
2474	0.257041
2483	0.562302
2493	0.361189
2501	0.225917
2510	0.471322
2519	0.535966
2528	0.284575
2538	0.298940
2547	0.339641
2556	0.332459
2565	0.251056
2574	0.143317
2583	0.106207
2592	0.200778
2601	0.043957
2610	-0.184689
2620	-0.189477
2629	-0.136805
2638	-0.195463
2646	-0.340312
2655	-0.549805
2665	-0.650361
2674	-0.443263
2683	-0.500723
2692	-0.826335
2702	-0.669515
2711	-0.564170
2719	-0.704231
2728	-0.677894
2737	-0.632405
2747	-0.652755
2756	-0.507906
2765	-0.534242
2774	-0.592900
2783	-0.282851
2793	-0.231376
2801	-0.384605
2810	-0.027869
2819	0.128952
2829	-0.062585
2838	0.045154
2847	0.016424
2856	0.121769
2865	0.291757
2874	0.154091
2883	0.034381
2892	0.343233
2901	0.369569
2910	0.213946
2920	0.292954
2929	0.290560
2937	0.166062
2946	0.210354
2955	0.132543
2965	0.243873
2974	0.193595
2983	0.168456
2992	0.120572
3002	0.286969
3010	0.219931
3019	0.067899
3028	0.215143
3037	0.190004
3047	0.340838
3056	0.343233
3065	0.216340
3074	0.344430
3082	0.427030
3092	0.280983
3101	0.295349
3110	0.433015
3119	0.377949
3129	0.405482
3138	0.376751
3146	0.267815
3155	0.376751
3164	0.331262
3174	0.100221
3183	0.122966
3192	0.200778
3201	0.023607
3210	-0.017095
3219	-0.091315
3228	-0.227785
3237	-0.143987
3246	-0.203843
3256	-0.522271
3265	-0.600083
3274	-0.384605
3283	-0.455234
3291	-0.772465
3301	-0.613251
3310	-0.559381
3319	-0.652755
3328	-0.618039
3337	-0.651558
3347	-0.586915
3356	-0.420518
3365	-0.481570
3373	-0.589309
3382	-0.307990
3392	-0.310385
3401	-0.325947
3410	-0.019489
3419	0.024804
3429	-0.064979
3438	0.014030
3446	0.194792
3455	0.180427
3464	0.288166
3474	0.167259
3483	0.052337
3492	0.377949
3501	0.380343
3509	0.192398
3519	0.276195
3528	0.349218
3537	0.178033
3546	0.199581
3556	0.290560
3565	0.144514
3574	0.113389
3582	0.043957
3591	0.150499
3601	0.319291
3610	0.138528
3619	-0.062585
3628	0.160076
3637	0.307320
3646	0.151696
3655	0.193595
3664	0.200778
3673	0.234296
3683	0.442592
3692	0.370766
3701	0.273801
3710	0.448577
3718	0.361189
3728	0.327670
3737	0.382737
3746	0.351612
3755	0.352809
3764	0.297743
3774	0.142120
3782	0.157682
3791	0.249859
3800	0.090644
3810	-0.099695
3819	-0.151170
3828	-0.108074
3837	-0.155958
3846	-0.237361
3855	-0.530651
3864	-0.585718
3873	-0.428897
3882	-0.438474
3891	-0.779648
3901	-0.610857
3910	-0.548607
3919	-0.710216
3927	-0.673106
3936	-0.553396
3946	-0.598886
3955	-0.461219
3964	-0.549805
3973	-0.467205
3983	-0.270880
3992	-0.290034
4000	-0.281654
4009	-0.027869
4018	-0.003927
4028	-0.038643
4037	0.203172
4046	0.245070
4055	0.136134
4064	0.251056
4073	0.158879
4082	0.248662
4091	0.437804
4100	0.382737
4110	0.246267
4119	0.364780
4128	0.259436
4137	0.246267
4145	0.286969
4155	0.209157
4164	0.154091
4173	0.185215
4182	0.136134
4191	0.161273
4201	0.185215
4209	0.061914
4218	0.076279
4227	0.178033
4237	0.195989
4246	0.203172
4255	0.198383
4264	0.164865
4273	0.297743
4282	0.387525
4291	0.247465
4300	0.266618
4309	0.364780
4318	0.310911
4328	0.383934
4337	0.368372
4346	0.292954
4354	0.364780
4363	0.289363
4373	0.088250
4382	0.150499
4391	0.194792
4400	0.018818
4410	-0.091315
4418	-0.139199
4427	-0.182295
4436	-0.139199
4445	-0.264895
4455	-0.600083
4464	-0.624025
4473	-0.481570
4482	-0.493541
4491	-0.782042
4500	-0.670712
4509	-0.541425
4518	-0.742538
4527	-0.691063
4537	-0.607265
4546	-0.650361
4555	-0.495935
4564	-0.470796
4572	-0.566564
4582	-0.298413
4591	-0.237361
4600	-0.383408
4609	-0.021883
4618	0.076279
4628	0.016424
4636	0.143317
4645	0.193595
4654	0.110995
4664	0.288166
4673	0.259436
4682	0.246267
4691	0.415059
4700	0.401891
4709	0.222325
4718	0.431818
4727	0.369569
4736	0.168456
4745	0.206763
4755	0.253450
4764	0.205566
4773	0.230705
4781	0.127754
4790	0.087053
4800	0.291757
4809	0.151696
4818	0.043957
4827	0.198383
4837	0.225917
4845	0.215143
4854	0.276195
4863	0.194792
4872	0.296546
4882	0.460549
4891	0.303728
4900	0.280983
4909	0.490476
4917	0.444986
4927	0.379146
4936	0.393511
4945	0.307320
4954	0.373160
4964	0.332459
4973	0.139725
4981	0.173244
4990	0.249859
4999	0.065505
5009	-0.121243
5018	-0.097301
5027	-0.111666
5036	-0.171521
5045	-0.354677
5054	-0.562973
5063	-0.619236
5072	-0.422912
5081	-0.516286
5091	-0.851474
5100	-0.683880
5109	-0.558184
5118	-0.773662
5127	-0.707822
5136	-0.610857
5145	-0.644376
5154	-0.456431
5163	-0.525863
5172	-0.590506
5182	-0.282851
5191	-0.309187
5200	-0.396576
5208	-0.029066
5218	0.175638
5227	-0.001532
5236	0.040366
5245	0.103812
5254	0.146908
5264	0.354007
5273	0.192398
5281	0.109798
5290	0.397102
5299	0.400693
5309	0.233099
5318	0.386328
5327	0.312108
5336	0.198383
5344	0.142120
5354	0.114586
5363	0.241479
5372	0.212749
5381	0.087053
5391	0.093039
5400	0.265421
5409	0.162470
5417	0.083462
5426	0.163667
5436	0.181624
5445	0.336050
5454	0.273801
5463	0.168456
5472	0.319291
5482	0.416256
5490	0.338444
5499	0.350415
5508	0.458154
5518	0.349218
5527	0.462943
5536	0.447380
5545	0.290560
5553	0.427030
5563	0.407876
5572	0.105010
5581	0.172047
5590	0.227114
5599	0.083462
5609	-0.031460
5618	-0.096103
5626	-0.249332
5635	-0.093709
5645	-0.246938
5654	-0.558184
5663	-0.586915
5672	-0.407350
5681	-0.548607
5691	-0.770071
5699	-0.651558
5708	-0.620434
5717	-0.686274
5726	-0.641981
5736	-0.698245
5745	-0.572550
5754	-0.479176
5763	-0.489950
5771	-0.533045
5781	-0.337918
5790	-0.255318
5799	-0.268486
5808	-0.002730
5818	0.073885
5827	-0.021883
5836	0.099024
5844	0.228311
5853	0.179230
5863	0.340838
5872	0.235494
5881	0.037972
5890	0.383934
5899	0.400693
5908	0.271407
5917	0.236691
5926	0.271407
5935	0.198383
5945	0.166062
5954	0.188807
5963	0.121769
5972	0.146908
5980	0.075082
5990	0.106207
5999	0.181624
6008	0.148105
6017	0.037972
6026	0.126557
6036	0.236691
6044	0.261830
6053	0.197186
6062	0.206763
6072	0.331262
6081	0.416256
6090	0.318093
6099	0.345627
6107	0.490476
6117	0.427030
6126	0.343233
6135	0.365978
6144	0.345627
6153	0.427030
6163	0.292954
6172	0.066702
6180	0.188807
6189	0.207960
6198	0.059520
6208	-0.115257
6217	-0.140396
6226	-0.167929
6235	-0.245741
6245	-0.331932
6253	-0.539031
6262	-0.588112
6271	-0.376225
6280	-0.625222
6290	-0.849080
6299	-0.578535
6308	-0.541425
6317	-0.732961
6325	-0.644376
6335	-0.647967
6344	-0.537834
6353	-0.403758
6362	-0.481570
6372	-0.449248
6381	-0.214616
6390	-0.302005
6398	-0.251727
6407	0.070294
6417	0.055928
6426	-0.023080
6435	0.197186
6444	0.266618
6453	0.219931
6463	0.297743
6471	0.088250
6480	0.188807
6489	0.358795
6499	0.344430
6508	0.242676
6517	0.284575
6526	0.309714
6535	0.247465
6544	0.193595
6553	0.200778
6562	0.168456
6571	0.114586
6580	0.093039
6590	0.145711
6599	0.205566
6607	0.134937
6616	0.077476
6626	0.150499
6635	0.306122
6644	0.328867
6653	0.124163
6662	0.170850
6672	0.413862
6680	0.359992
6689	0.312108
6698	0.322882
6707	0.385131
6717	0.421044
6726	0.411467
6735	0.245070
6743	0.298940
6752	0.433015
6762	0.237888
6771	0.055928
6780	0.206763
6789	0.115783
6799	-0.037445
6808	-0.130819
6816	-0.272077
6825	-0.177506
6834	-0.176309
6844	-0.410941
6853	-0.630010
6862	-0.539031
6871	-0.445657
6879	-0.570155
6889	-0.859854
6898	-0.600083
6907	-0.612054
6916	-0.819152
6926	-0.634799
6935	-0.609660
6944	-0.592900
6953	-0.450445
6961	-0.504315
6971	-0.494738
6980	-0.199054
6989	-0.264895
6998	-0.269683
7007	0.077476
7017	0.034381
7026	-0.127228
7034	0.221128
7043	0.248662
7053	0.210354
7062	0.352809
7071	0.125360
7080	0.184018
7089	0.528783
7098	0.291757
7107	0.122966
7116	0.440198
7125	0.294151
7134	0.217537
7144	0.346824
7153	0.200778
7162	0.061914
7170	0.180427
7179	0.088250
7189	0.154091
7198	0.351612
7207	0.083462
7216	0.057125
7226	0.308517
7234	0.221128
7243	0.312108
7252	0.243873
7261	0.190004
7271	0.386328
7280	0.473717
7289	0.286969
7298	0.274998
7306	0.523995
7316	0.333656
7325	0.379146
7334	0.373160
7343	0.345627
7353	0.354007
7362	0.247465
7371	0.027198
7379	0.180427
7388	0.254647
7398	-0.045825
7407	-0.193069
7416	-0.169127
7425	-0.207434
7434	-0.238558
7444	-0.391787
7452	-0.686274
7461	-0.501921
7470	-0.351086
7480	-0.815561
7489	-0.785633
7498	-0.456431
7507	-0.707822
7516	-0.743735
7525	-0.620434
7534	-0.651558
7543	-0.646770
7552	-0.445657
7561	-0.603674
7571	-0.373831
7580	-0.219405
7589	-0.339115
7597	-0.152367
7606	0.077476
7616	-0.097301
7625	-0.068570
7634	0.259436
7643	0.140923
7653	0.286969
7662	0.298940
7670	0.065505
7679	0.315699
7688	0.473717
7698	0.218734
7707	0.173244
7716	0.395905
7725	0.112192
7734	0.181624
7743	0.319291
7752	0.223523
7761	0.136134
7770	0.082265
7780	0.082265
7789	0.207960
7798	0.197186
7806	-0.000335
7815	0.113389
7825	0.264224
7834	0.206763
7843	0.273801
7852	0.229508
7861	0.193595
7871	0.380343
7879	0.392314
7888	0.284575
7897	0.377949
7907	0.456957
7916	0.316896
7925	0.385131
7934	0.355204
7943	0.379146
7952	0.359992
7961	0.241479
7970	0.139725
7979	0.211552
7988	0.184018
7998	-0.079344
8007	-0.176309
8016	-0.184689
8024	-0.215814
8034	-0.243347
8043	-0.442066
8052	-0.694654
8061	-0.449248
8070	-0.382210
8080	-0.816758
8089	-0.677894
8097	-0.479176
8106	-0.722187
8115	-0.720990
8125	-0.586915
8134	-0.649164
8143	-0.497132
8152	-0.425306
8162	-0.554593
8170	-0.381013
8179	-0.269683
8188	-0.322356
8197	0.012833
8207	0.042760
8216	-0.051811
8225	0.027198
8234	0.225917
8242	0.207960
8252	0.273801
8261	0.231902
8270	0.139725
8279	0.383934
8288	0.436606
8298	0.242676
8306	0.280983
8315	0.340838
8324	0.172047
8334	0.223523
8343	0.294151
8352	0.164865
8361	0.142120
8370	0.048746
8379	0.108601
8388	0.261830
8397	0.042760
8406	-0.045825
8415	0.168456
8425	0.272604
8434	0.130149
8442	0.228311
8451	0.228311
8461	0.219931
8470	0.422241
8479	0.328867
8488	0.252253
8497	0.465337
8507	0.428227
8515	0.286969
8524	0.421044
8533	0.334853
8542	0.371963
8552	0.354007
8561	0.143317
8570	0.119375
8579	0.242676
8587	0.106207
8597	-0.136805
8606	-0.134411
8615	-0.129622
8624	-0.176309
8634	-0.322356
8643	-0.561776
8652	-0.669515
8660	-0.379816
8669	-0.554593
8679	-0.873022
8688	-0.597689
8697	-0.541425
8706	-0.730567
8715	-0.756903
8725	-0.664726
8734	-0.518680
8742	-0.524665
8751	-0.527060
8761	-0.452839
8770	-0.261303
8779	-0.322356
8788	-0.220602
8797	0.051140
8807	0.042760
8815	0.003256
8824	0.175638
8833	0.272604
8842	0.298940
8852	0.237888
8861	0.157682
8870	0.280983
8878	0.345627
8888	0.365978
8897	0.401891
8906	0.318093
8915	0.239085
8924	0.294151
8934	0.223523
8943	0.161273
8951	0.163667
8960	0.112192
8969	0.040366
8979	0.143317
8988	0.131346
8997	0.035578
9006	0.107404
9016	0.102615
9024	0.187610
9033	0.349218
9042	0.146908
9051	0.164865
9061	0.409073
9070	0.367175
9079	0.307320
9087	0.358795
9096	0.345627
9106	0.391117
9115	0.497659
9124	0.302531
9133	0.374357
9142	0.442592
9152	0.252253
9160	0.132543
9169	0.161273
9178	0.094236
9188	0.030789
9197	-0.080541
9206	-0.294822
9215	-0.121243
9224	-0.200251
9233	-0.461219
9242	-0.627616
9251	-0.577338
9260	-0.409744
9269	-0.536636
9279	-0.865839
9288	-0.634799
9297	-0.597689
9306	-0.773662
9315	-0.681486
9324	-0.609660
9333	-0.598886
9342	-0.460022
9351	-0.530651
9361	-0.492344
9370	-0.158353
9379	-0.262500
9387	-0.254121
9396	0.081068
9406	-0.011109
9415	-0.108074
9424	0.301334
9433	0.218734
9443	0.211552
9452	0.345627
9460	0.251056
9469	0.241479
9478	0.484491
9488	0.307320
9497	0.152894
9506	0.383934
9515	0.225917
9523	0.172047
9533	0.321685
9542	0.184018
9551	0.061914
9560	0.182821
9570	0.091841
9579	0.106207
9588	0.277392
9596	0.057125
9605	0.106207
9615	0.259436
9624	0.224720
9633	0.188807
9642	0.235494
9651	0.225917
9661	0.435409
9669	0.399496
9678	0.303728
9687	0.375554
9696	0.471322
9706	0.407876
9715	0.389920
9724	0.393511
9732	0.349218
9742	0.368372
9751	0.225917
9760	0.070294
9769	0.234296
9778	0.164865
9788	-0.045825
9797	-0.179900
9805	-0.196660
9814	-0.184689
9823	-0.251727
9833	-0.428897
9842	-0.709019
9851	-0.485161
9860	-0.428897
9870	-0.740144
9878	-0.791619
9887	-0.513892
9896	-0.750918
9905	-0.687471
9915	-0.641981
9924	-0.674303
9933	-0.531848
9942	-0.458825
9951	-0.578535
9960	-0.341509
9969	-0.273274
9978	-0.281654
9987	-0.124834
9997	0.055928
10006	-0.081738
10015	0.005650
10024	0.188807
10033	0.188807
10042	0.237888
10051	0.288166
10060	0.139725
10069	0.331262
10078	0.435409
10088	0.261830
10097	0.150499
10106	0.265421
10115	0.231902
10125	0.176836
10134	0.206763
10143	0.211552
10152	0.128952
10160	0.106207
10170	0.058323
10179	0.206763
10188	0.163667
10197	0.083462
10206	0.151696
10216	0.175638
10225	0.325276
10234	0.306122
10243	0.116981
10253	0.325276
10262	0.388722
10270	0.318093
10279	0.346824
10288	0.447380
10298	0.394708
10307	0.450972
10316	0.404285
10325	0.271407
10334	0.428227
10344	0.336050
10353	0.142120
10362	0.138528
10371	0.264224
10381	0.082265
10389	-0.099695
10398	-0.153564
10407	-0.182295
10416	-0.200251
10426	-0.331932
10435	-0.597689
10444	-0.626419
10453	-0.375028
10462	-0.562973
10472	-0.823941
10481	-0.676697
10490	-0.614448
10499	-0.729370
10509	-0.640784
10518	-0.652755
10526	-0.570155
10535	-0.432489
10544	-0.547410
10554	-0.456431
10563	-0.213419
10572	-0.226587
10581	-0.285245
10590	-0.082935
10600	0.064308
10609	-0.012306
10618	0.191201
10627	0.122966
10637	0.213946
10645	0.364780
10654	0.241479
10663	0.206763
10672	0.322882
10682	0.274998
10691	0.130149
10700	0.333656
10709	0.282180
10718	0.161273
10728	0.095433
10737	0.204369
10746	0.218734
10755	0.118178
10763	0.058323
10773	0.072688
10782	0.227114
10791	0.060717
10800	0.076279
10810	0.152894
10819	0.237888
10828	0.278589
10837	0.181624
10846	0.264224
10856	0.435409
10865	0.404285
10873	0.248662
10882	0.354007
10891	0.512024
10901	0.407876
10910	0.330064
10919	0.271407
10928	0.410270
10938	0.365978
10947	0.154091
10956	0.114586
10965	0.193595
10974	0.151696
10984	-0.093709
10992	-0.194266
11001	-0.179900
11010	-0.147579
11019	-0.318764
11029	-0.505512
11038	-0.671909
11047	-0.426503
11056	-0.458825
11066	-0.747326
11075	-0.670712
11084	-0.552199
11093	-0.712610
11102	-0.737749
11112	-0.566564
11120	-0.600083
11129	-0.452839
11138	-0.505512
11147	-0.535439
11157	-0.321158
11166	-0.199054
11175	-0.182295
11184	-0.070964
11194	0.051140
11203	-0.025474
11212	0.190004
11221	0.356401
11230	0.158879
11239	0.205566
11248	0.163667
11257	0.270209
11266	0.374357
11275	0.429424
11285	0.225917
11294	0.273801
11303	0.282180
11312	0.280983
11322	0.166062
11331	0.186412
11340	0.150499
11349	0.199581
11357	0.169653
11367	0.158879
11376	0.180427
11385	0.112192
11394	0.079870
11403	0.137331
11413	0.228311
11422	0.309714
11431	0.209157
11440	0.187610
11450	0.361189
11459	0.361189
11467	0.325276
11476	0.322882
11485	0.369569
11495	0.416256
11504	0.381540
11513	0.278589
11522	0.324079
11531	0.367175
11541	0.194792
11550	0.095433
11559	0.139725
11568	0.093039
11578	-0.005124
11586	-0.109272
11595	-0.257712
11604	-0.184689
11613	-0.292428
11623	-0.391787
11632	-0.624025
11641	-0.555790
11650	-0.367845
11659	-0.624025
11669	-0.796407
11678	-0.528257
11687	-0.628813
11696	-0.755706
11706	-0.559381
11715	-0.659938
11723	-0.601280
11732	-0.416926
11741	-0.653952
11751	-0.312779
11760	-0.154761
11769	-0.346298
11778	-0.249332
11787	0.209157
11797	0.036775
11806	-0.050614
11815	0.128952
11824	0.072688
11834	0.258238
11842	0.411467
11851	0.191201
11860	0.348021
11869	0.446183
11879	0.230705
11888	0.383934
11897	0.471322
11906	0.061914
11915	0.167259
11925	0.361189
11934	0.225917
11943	0.204369
11951	0.178033
11961	0.012833
11970	0.227114
11979	0.222325
11988	0.031986
11997	0.200778
12007	0.267815
12016	0.184018
12025	0.258238
12034	0.295349
12043	0.279786
12053	0.430621
12062	0.269012
12070	0.191201
12079	0.558711
12089	0.473717
12098	0.296546
12107	0.338444
12116	0.416256
12125	0.364780
12135	0.279786
12144	0.127754
12153	0.103812
12162	0.266618
12171	0.085856
12180	-0.203843
12189	-0.138002
12198	-0.104483
12207	-0.272077
12217	-0.340312
12226	-0.580929
12235	-0.688668
12244	-0.316370
12253	-0.643178
12263	-0.923300
12272	-0.462416
12281	-0.646770
12290	-0.876613
12299	-0.622828
12309	-0.572550
12317	-0.621631
12326	-0.434883
12335	-0.580929
12345	-0.406153
12354	-0.269683
12363	-0.357071
12372	-0.177506
12381	0.073885
12391	-0.098498
12400	-0.048219
12409	0.252253
12418	0.237888
12427	0.328867
12436	0.270209
12445	0.088250
12454	0.387525
12463	0.504841
12473	0.215143
12482	0.245070
12491	0.412664
12500	0.132543
12509	0.225917
12519	0.269012
12528	0.230705
12537	0.150499
12545	0.028395
12554	0.059520
12564	0.307320
12573	0.178033
12582	-0.080541
12591	0.188807
12601	0.225917
12610	0.194792
12619	0.255844
12628	0.222325
12637	0.164865
12647	0.452169
12656	0.284575
12664	0.224720
12673	0.563499
12682	0.441395
12692	0.249859
12701	0.453366
12710	0.362386
12719	0.297743
12729	0.349218
12738	0.231902
12747	0.099024
12756	0.270209
12765	0.059520
12774	-0.175112
12783	-0.037445
12792	-0.151170
12801	-0.246938
12810	-0.317567
12820	-0.590506
12829	-0.650361
12838	-0.303202
12847	-0.567761
12857	-0.855065
12866	-0.637193
12875	-0.656347
12884	-0.679092
12892	-0.631207
12902	-0.681486
12911	-0.540228
12920	-0.525863
12929	-0.615645
12938	-0.424109
12948	-0.234967
12957	-0.239756
12966	-0.086527
12975	-0.056599
12985	-0.054205
12994	0.107404
13003	0.186412
13011	0.145711
13020	0.285772
13030	0.240282
13039	0.219931
13048	0.485688
13057	0.359992
13066	0.207960
13076	0.354007
13085	0.325276
13094	0.222325
13103	0.282180
13113	0.205566
13122	0.064308
13130	0.194792
13139	0.113389
13148	0.022410
13158	0.174441
13167	0.081068
13176	-0.002730
13185	0.190004
13194	0.132543
13204	0.174441
13213	0.211552
13222	0.121769
13231	0.261830
13240	0.448577
13249	0.306122
13258	0.270209
13267	0.482096
13276	0.434212
13286	0.418650
13295	0.381540
13304	0.289363
13313	0.388722
13322	0.322882
13332	0.146908
13341	0.133740
13349	0.260633
13358	0.122966
13368	-0.061387
13377	-0.169127
13386	-0.177506
13395	-0.151170
13404	-0.331932
13414	-0.608463
13423	-0.637193
13432	-0.454037
13441	-0.624025
13450	-0.888584
13460	-0.671909
13469	-0.577338
13477	-0.717399
13486	-0.665923
13496	-0.649164
13505	-0.555790
13514	-0.464810
13523	-0.553396
13532	-0.398970
13542	-0.214616
13551	-0.296019
13560	-0.214616
13569	0.072688
13578	0.069097
13588	0.048746
13597	0.203172
13605	0.212749
13614	0.358795
13624	0.315699
13633	0.357598
13642	0.309714
13651	0.345627
13660	0.319291
13670	0.338444
13679	0.288166
13688	0.264224
13697	0.246267
13706	0.152894
13716	0.188807
13724	0.151696
13733	0.020015
13742	0.041563
13752	0.144514
13761	0.185215
13770	0.089447
13779	0.059520
13788	0.097827
13798	0.280983
13807	0.272604
13816	0.067899
13824	0.313305
13833	0.422241
13843	0.355204
13852	0.361189
13861	0.434212
13870	0.363583
13880	0.479702
13889	0.336050
13898	0.318093
13907	0.464140
13916	0.357598
13926	0.105010
13934	0.154091
13943	0.273801
13952	0.083462
13961	-0.115257
13971	-0.298413
13980	-0.189477
13989	-0.148776
13998	-0.416926
14008	-0.675500
14017	-0.681486
14026	-0.420518
14035	-0.688668
14044	-0.873022
14054	-0.706625
14062	-0.584521
14071	-0.809575
14080	-0.766480
14089	-0.608463
14099	-0.595294
14108	-0.488752
14117	-0.573747
14126	-0.479176
14136	-0.217011
14145	-0.196660
14154	-0.195463
14163	0.008044
14172	0.040366
14182	-0.068570
14190	0.304925
14199	0.306122
14208	0.185215
14217	0.342036
14227	0.279786
14236	0.270209
14245	0.409073
14254	0.269012
14264	0.190004
14273	0.320488
14282	0.306122
14291	0.205566
14299	0.236691
14309	0.239085
14318	0.023607
14327	0.037972
14336	0.064308
14345	0.128952
14355	0.227114
14364	0.070294
14373	0.052337
14382	0.252253
14392	0.304925
14401	0.207960
14409	0.191201
14418	0.294151
14427	0.413862
14437	0.448577
14446	0.304925
14455	0.421044
14464	0.512024
14473	0.439001
14483	0.374357
14492	0.399496
14501	0.462943
14510	0.308517
14518	0.191201
14528	0.133740
14537	0.267815
14546	0.172047
14555	-0.142790
14565	-0.260106
14574	-0.060190
14583	-0.225390
14592	-0.443263
14601	-0.600083
14611	-0.661135
14620	-0.436080
14629	-0.498329
14638	-0.937665
14646	-0.688668
14656	-0.549805
14665	-0.833517
14674	-0.722187
14683	-0.576141
14693	-0.651558
14702	-0.443263
14711	-0.537834
14720	-0.492344
14729	-0.193069
14739	-0.190674
14748	-0.291231
14757	-0.033854
14766	0.051140
14774	0.058323
14784	0.248662
14793	0.170850
14802	0.144514
14811	0.294151
14821	0.290560
14830	0.168456
14839	0.429424
14848	0.295349
14857	0.203172
14867	0.266618
14876	0.322882
14884	0.222325
14893	0.108601
14902	0.127754
14912	0.154091
14921	0.161273
14930	0.090644
14939	0.094236
14949	0.197186
14958	0.167259
14967	0.095433
14976	0.166062
14985	0.270209
14994	0.296546
--- MEDICIÓN FINALIZADA ---
