
--- INICIANDO LECTURA DE 10 SEGUNDOS ---
Tiempo(ms),Aceleracion_Z(m/s^2)
0	-0.028833
9	-0.026439
18	0.042993
28	-0.064746
36	-0.223960
45	-0.196427
54	-0.365218
63	-0.259873
72	-0.390357
81	-0.659705
90	-0.455001
99	-0.417891
107	-0.712377
117	-0.584288
126	-0.583091
135	-0.768641
144	-0.496899
154	-0.562740
162	-0.759064
171	-0.318531
180	-0.421482
189	-0.613018
199	-0.292195
208	-0.289801
216	-0.358036
225	-0.064746
234	-0.049183
244	-0.111433
253	0.232135
262	0.021445
270	0.013066
280	0.270442
289	0.155521
298	0.156718
307	0.337480
315	0.208193
325	0.287202
334	0.502680
343	0.123199
352	0.051373
360	0.512257
370	0.272837
379	-0.063549
388	0.220164
397	0.305158
407	0.239318
415	0.240515
424	0.048979
433	0.203405
442	0.478738
452	0.072921
460	0.064541
469	0.460781
478	0.365013
487	0.184251
497	0.410503
506	0.309947
514	0.367408
523	0.508665
532	0.264457
542	0.216573
551	0.563732
559	0.409306
568	0.117213
578	0.331495
587	0.251289
596	0.204602
605	0.240515
613	-0.052775
623	-0.030030
632	0.133973
641	-0.105447
650	-0.258676
658	-0.155725
668	-0.319728
677	-0.308954
686	-0.364021
695	-0.699209
704	-0.429862
713	-0.426270
722	-0.694421
731	-0.590273
740	-0.670479
750	-0.736319
759	-0.482534
767	-0.662099
776	-0.732728
785	-0.282618
795	-0.468169
804	-0.536404
812	-0.268253
821	-0.385569
830	-0.293392
840	-0.032424
849	-0.064746
858	-0.025241
866	0.175871
875	-0.089885
885	0.177068
894	0.353042
903	0.069330
911	0.069330
921	0.370999
930	0.198616
939	0.202208
948	0.477541
957	0.179463
966	0.105242
975	0.473950
984	0.241712
993	0.009474
1002	0.217770
1011	0.257274
1020	0.265654
1029	0.278822
1038	0.033416
1048	0.171083
1057	0.458387
1066	0.139958
1075	0.047782
1083	0.399729
1093	0.390152
1102	0.253683
1111	0.440431
1120	0.302764
1129	0.385364
1139	0.512257
1147	0.269245
1156	0.197419
1165	0.512257
1175	0.355437
1184	0.175871
1193	0.293187
1202	0.299173
1211	0.260866
1220	0.173477
1229	-0.124601
1238	-0.039607
1247	0.098060
1256	-0.099462
1266	-0.251494
1275	-0.222763
1284	-0.304166
1292	-0.268253
1301	-0.458592
1311	-0.668085
1320	-0.423876
1329	-0.563937
1338	-0.671676
1348	-0.599850
1357	-0.680056
1366	-0.608230
1374	-0.453804
1383	-0.666887
1393	-0.543586
1402	-0.344867
1411	-0.566331
1420	-0.455001
1429	-0.222763
1439	-0.305363
1447	-0.196427
1456	-0.061154
1465	-0.100659
1475	-0.021650
1484	0.052570
1493	-0.064746
1502	0.217770
1511	0.320721
1520	0.120805
1529	0.227347
1538	0.283611
1547	0.202208
1556	0.384167
1566	0.342268
1575	0.068132
1584	0.230938
1592	0.542184
1602	0.186645
1611	0.034613
1620	0.274034
1629	0.236924
1638	0.264457
1648	0.196222
1656	-0.001300
1665	0.332692
1674	0.350648
1683	0.027431
1693	0.211784
1702	0.451205
1711	0.239318
1720	0.256077
1728	0.409306
1738	0.303961
1747	0.487118
1756	0.441628
1765	0.208193
1775	0.394941
1784	0.596054
1792	0.235726
1801	0.167492
1810	0.281216
1820	0.228544
1829	0.202208
1838	0.123199
1847	-0.064746
1856	0.025037
1865	0.051373
1874	-0.215581
1883	-0.298180
1892	-0.287407
1902	-0.262267
1911	-0.438241
1920	-0.565134
1929	-0.463380
1937	-0.449015
1947	-0.645340
1956	-0.523235
1965	-0.717166
1974	-0.619004
1983	-0.456198
1993	-0.648931
2002	-0.657311
2011	-0.238325
2019	-0.559149
2029	-0.487322
2038	-0.241917
2047	-0.417891
2056	-0.269450
2065	-0.026439
2075	-0.174879
2084	-0.003694
2092	0.199813
2101	0.017854
2110	0.042993
2120	0.290793
2129	0.204602
2138	0.154324
2147	0.369802
2155	0.133973
2165	0.224953
2174	0.503877
2183	0.190237
2192	0.133973
2202	0.384167
2211	0.230938
2220	0.044190
2228	0.205799
2237	0.282413
2247	0.234529
2256	0.183054
2265	0.046584
2274	0.179463
2283	0.430854
2292	0.119608
2301	0.051373
2310	0.375787
2319	0.414095
2329	0.344663
2338	0.288399
2347	0.250092
2356	0.508665
2364	0.470358
2374	0.250092
2383	0.252486
2392	0.489512
2401	0.374590
2410	0.274034
2420	0.329100
2428	0.257274
2437	0.258471
2446	0.110031
2456	-0.050381
2465	0.046584
2474	-0.037212
2483	-0.134178
2492	-0.158120
2501	-0.215581
2510	-0.338882
2519	-0.223960
2528	-0.556754
2537	-0.686041
2547	-0.384372
2556	-0.676464
2565	-0.709983
2574	-0.525630
2583	-0.721954
2592	-0.590273
2601	-0.514856
2610	-0.713574
2619	-0.549572
2629	-0.361627
2638	-0.563937
2647	-0.421482
2655	-0.245508
2664	-0.354444
2674	-0.121010
2683	-0.065943
2692	-0.233537
2701	0.009474
2711	0.174674
2720	0.013066
2728	0.198616
2737	0.197419
2746	0.105242
2756	0.349451
2765	0.333889
2774	0.089680
2783	0.332692
2791	0.256077
2801	0.066935
2810	0.439234
2819	0.347057
2828	-0.030030
2837	0.216573
2847	0.323115
2856	0.179463
2864	0.212982
2873	0.053767
2883	0.096863
2892	0.463176
2901	0.296779
2910	-0.022847
2919	0.398532
2928	0.355437
2937	0.239318
2946	0.412897
2955	0.259668
2964	0.284808
2974	0.573309
2983	0.275231
2992	0.189040
3000	0.608025
3010	0.448810
3019	0.127987
3028	0.262063
3037	0.271639
3046	0.161506
3056	0.228544
3064	0.020248
3073	-0.055169
3082	0.086089
3091	-0.106644
3101	-0.243114
3110	-0.170091
3119	-0.379583
3128	-0.319728
3136	-0.378386
3146	-0.644143
3155	-0.451409
3164	-0.425073
3173	-0.659705
3183	-0.573514
3192	-0.666887
3201	-0.699209
3210	-0.396343
3218	-0.676464
3228	-0.687238
3237	-0.320925
3246	-0.478943
3255	-0.492111
3264	-0.275436
3274	-0.377189
3283	-0.268253
3291	-0.008482
3300	-0.124601
3310	-0.059957
3319	0.131579
3328	0.013066
3337	0.070527
3346	0.296779
3355	0.044190
3364	0.127987
3373	0.361422
3382	0.246500
3391	0.280019
3401	0.467964
3410	0.086089
3419	0.114819
3427	0.525425
3437	0.191434
3446	-0.012073
3455	0.220164
3464	0.234529
3473	0.258471
3483	0.345860
3491	0.048979
3500	0.203405
3509	0.415292
3518	0.168689
3528	0.156718
3537	0.423671
3546	0.159112
3555	0.209390
3563	0.532607
3573	0.341071
3582	0.394941
3591	0.536199
3600	0.295582
3610	0.144747
3619	0.453599
3627	0.385364
3636	0.306355
3645	0.262063
3655	0.145944
3664	0.305158
3673	0.264457
3682	-0.086294
3691	-0.081505
3700	-0.061154
3709	-0.118615
3718	-0.121010
3727	-0.159317
3737	-0.334094
3746	-0.371204
3755	-0.415496
3764	-0.548375
3772	-0.407117
3782	-0.677661
3791	-0.571120
3800	-0.516053
3809	-0.754276
3818	-0.595062
3828	-0.466972
3837	-0.675267
3846	-0.561543
3854	-0.375992
3864	-0.537601
3873	-0.358036
3882	-0.283815
3891	-0.296983
3900	-0.071929
3910	-0.081505
3919	-0.154528
3927	0.034613
3936	0.046584
3945	-0.006088
3955	0.265654
3964	0.277625
3973	0.108834
3982	0.293187
3991	0.335086
4000	0.119608
4009	0.471555
4018	0.262063
4027	0.013066
4037	0.344663
4046	0.414095
4055	0.094469
4063	0.186645
4072	0.224953
4082	0.180660
4091	0.325509
4100	0.151929
4109	0.058555
4119	0.454796
4128	0.321918
4136	0.042993
4145	0.368605
4154	0.405715
4164	0.238121
4173	0.333889
4182	0.215376
4191	0.330297
4199	0.594857
4209	0.293187
4218	0.124396
4227	0.433248
4236	0.464373
4245	0.209390
4255	0.242909
4264	0.224953
4272	0.224953
4281	0.297976
4291	0.020248
4300	-0.055169
4309	0.040599
4318	-0.059957
4327	-0.213186
4337	-0.271844
4345	-0.337685
4354	-0.253888
4363	-0.380780
4372	-0.698012
4382	-0.471760
4391	-0.434650
4400	-0.760261
4409	-0.543586
4418	-0.695618
4427	-0.769838
4436	-0.441833
4445	-0.715969
4454	-0.672873
4464	-0.249099
4473	-0.520841
4482	-0.571120
4490	-0.252691
4499	-0.368809
4509	-0.283815
4518	0.021445
4527	-0.209595
4536	-0.061154
4546	0.265654
4555	-0.000102
4563	0.074118
4572	0.339874
4581	0.108834
4591	0.147141
4600	0.362619
4609	0.120805
4618	0.183054
4627	0.561338
4636	0.191434
4645	0.070527
4654	0.436839
4663	0.216573
4672	0.034613
4682	0.315932
4691	0.199813
4699	0.209390
4708	0.215376
4718	0.048979
4727	0.252486
4736	0.460781
4745	0.114819
4754	0.125593
4764	0.355437
4772	0.361422
4781	0.320721
4790	0.330297
4799	0.232135
4809	0.485921
4818	0.508665
4827	0.228544
4835	0.260866
4845	0.467964
4854	0.341071
4863	0.233332
4872	0.325509
4881	0.232135
4891	0.278822
4900	0.141155
4908	-0.033621
4917	0.071724
4926	-0.040804
4936	-0.156923
4945	-0.172485
4954	-0.243114
4963	-0.274238
4973	-0.340079
4981	-0.587879
4990	-0.638157
4999	-0.328108
5008	-0.583091
5018	-0.617806
5027	-0.551966
5036	-0.749487
5045	-0.581893
5053	-0.463380
5063	-0.748290
5072	-0.481337
5081	-0.381978
5090	-0.573514
5099	-0.395146
5109	-0.232340
5118	-0.371204
5127	-0.087491
5135	-0.019256
5145	-0.154528
5154	0.063344
5163	0.116016
5172	-0.081505
5181	0.153126
5191	0.258471
5200	0.047782
5208	0.331495
5217	0.314735
5226	0.184251
5236	0.390152
5245	0.218967
5254	0.011869
5263	0.403321
5272	0.417686
5281	0.015460
5290	0.116016
5299	0.343466
5308	0.191434
5318	0.274034
5327	0.081301
5336	0.064541
5344	0.433248
5353	0.190237
5363	-0.018059
5372	0.390152
5381	0.461979
5390	0.198616
5400	0.362619
5408	0.227347
5417	0.309947
5426	0.594857
5435	0.272837
5445	0.177068
5454	0.608025
5463	0.524228
5472	0.125593
5480	0.256077
5490	0.287202
5499	0.221361
5508	0.278822
5517	-0.024044
5527	-0.020453
5536	0.205799
5545	-0.055169
5553	-0.280224
5562	-0.128192
5572	-0.267056
5581	-0.304166
5590	-0.397540
5599	-0.675267
5608	-0.420285
5618	-0.408314
5626	-0.702801
5635	-0.652522
5644	-0.619004
5653	-0.687238
5663	-0.457395
5672	-0.672873
5681	-0.670479
5690	-0.244311
5700	-0.500491
5708	-0.542389
5717	-0.217975
5726	-0.383175
5735	-0.353247
5745	-0.055169
5754	-0.083899
5763	-0.018059
5772	0.155521
5780	-0.033621
5790	0.092074
5799	0.319524
5808	0.051373
5817	0.108834
5827	0.404518
5836	0.145944
5845	0.251289
5853	0.531410
5862	0.083695
5872	0.107637
5881	0.511060
5890	0.215376
5899	-0.046789
5908	0.238121
5918	0.173477
5926	0.278822
5935	0.283611
5944	0.033416
5954	0.161506
5963	0.484723
5972	0.112425
5981	0.040599
5989	0.434445
5999	0.288399
6008	0.260866
6017	0.384167
6026	0.233332
6035	0.402124
6045	0.519439
6054	0.215376
6062	0.199813
6071	0.489512
6080	0.342268
6090	0.195025
6099	0.277625
6108	0.252486
6117	0.286005
6127	0.139958
6135	-0.144952
6144	0.025037
6153	0.051373
6162	-0.122207
6172	-0.255085
6181	-0.234734
6190	-0.282618
6199	-0.270647
6207	-0.451409
6217	-0.641748
6226	-0.428664
6235	-0.613018
6244	-0.586682
6254	-0.537601
6263	-0.749487
6272	-0.528024
6280	-0.421482
6289	-0.714772
6299	-0.499293
6308	-0.365218
6317	-0.578302
6326	-0.395146
6335	-0.335291
6345	-0.295786
6354	-0.064746
6362	-0.049183
6371	-0.191639
6381	0.069330
6390	0.099257
6399	-0.083899
6408	0.303961
6417	0.291990
6427	0.087286
6435	0.265654
6444	0.373393
6453	0.116016
6462	0.426066
6472	0.308750
6481	-0.032424
6490	0.344663
6499	0.423671
6507	0.108834
6517	0.078906
6526	0.240515
6535	0.154324
6544	0.306355
6554	0.090877
6563	-0.064746
6571	0.357831
6580	0.339874
6589	0.064541
6599	0.306355
6608	0.406912
6617	0.171083
6626	0.386561
6635	0.291990
6644	0.257274
6653	0.503877
6662	0.375787
6671	0.218967
6681	0.484723
6690	0.497892
6699	0.253683
6707	0.228544
6716	0.235726
6726	0.203405
6735	0.332692
6744	0.053767
6753	-0.044395
6762	0.096863
6771	0.007080
6780	-0.221566
6789	-0.241917
6798	-0.402328
6808	-0.276633
6817	-0.294589
6826	-0.664493
6835	-0.496899
6844	-0.463380
6853	-0.703998
6862	-0.584288
6871	-0.701603
6880	-0.772232
6889	-0.455001
6899	-0.610624
6908	-0.732728
6917	-0.228749
6925	-0.511264
6935	-0.574711
6944	-0.264662
6953	-0.371204
6962	-0.289801
6971	-0.027636
6981	-0.140163
6990	-0.050381
6998	0.236924
7007	-0.004891
7016	0.033416
7026	0.335086
7035	0.136367
7044	0.196222
7053	0.403321
7061	0.111228
7071	0.228544
7080	0.573309
7089	0.126790
7098	0.017854
7108	0.467964
7117	0.209390
7126	0.069330
7134	0.218967
7143	0.218967
7153	0.275231
7162	0.258471
7171	0.017854
7180	0.241712
7189	0.471555
7199	0.086089
7207	0.060950
7216	0.427263
7225	0.312341
7235	0.360225
7244	0.369802
7253	0.228544
7262	0.451205
7270	0.539790
7280	0.162703
7289	0.327903
7298	0.542184
7307	0.347057
7316	0.281216
7326	0.325509
7335	0.204602
7343	0.256077
7352	0.137564
7362	-0.050381
7371	0.033416
7380	0.052570
7389	-0.170091
7398	-0.109039
7407	-0.245508
7416	-0.407117
7425	-0.249099
7434	-0.501688
7443	-0.665690
7453	-0.402328
7462	-0.566331
7471	-0.692027
7480	-0.446621
7488	-0.694421
7498	-0.615412
7507	-0.453804
7516	-0.754276
7525	-0.537601
7535	-0.307757
7544	-0.573514
7553	-0.405920
7561	-0.249099
7570	-0.316137
7580	-0.182062
7589	-0.076717
7598	-0.192836
7607	0.046584
7616	0.166295
7626	-0.080308
7634	0.120805
7643	0.291990
7652	0.151929
7662	0.315932
7671	0.248895
7680	0.065738
7689	0.370999
7697	0.229741
7707	-0.046789
7716	0.442825
7725	0.399729
7734	0.020248
7743	0.135170
7753	0.315932
7762	0.184251
7770	0.203405
7779	0.102848
7789	0.106440
7798	0.476344
7807	0.345860
7816	0.004686
7825	0.415292
7834	0.368605
7843	0.246500
7852	0.414095
7861	0.283611
7870	0.283611
7880	0.592463
7889	0.396138
7898	0.212982
7906	0.513454
7915	0.455993
7925	0.111228
7934	0.232135
7943	0.244106
7952	0.191434
7962	0.300370
7971	-0.010876
7979	-0.056366
7988	0.137564
7997	-0.129389
8007	-0.239523
8016	-0.155725
8025	-0.306560
8034	-0.348459
8043	-0.209595
8052	-0.602244
8061	-0.554360
8070	-0.379583
8079	-0.699209
8089	-0.589076
8098	-0.571120
8107	-0.708786
8116	-0.489717
8124	-0.541192
8134	-0.806948
8143	-0.335291
8152	-0.428664
8161	-0.559149
8170	-0.365218
8180	-0.373598
8189	-0.292195
8198	-0.020453
8206	-0.135375
8216	-0.113827
8225	0.124396
8234	0.048979
8243	0.013066
8252	0.312341
8262	0.183054
8270	0.145944
8279	0.344663
8288	0.235726
8297	0.190237
8307	0.494300
8316	0.084892
8325	0.056161
8334	0.497892
8343	0.260866
8352	-0.034818
8361	0.265654
8370	0.300370
8379	0.242909
8389	0.276428
8398	0.014263
8407	0.156718
8415	0.471555
8424	0.166295
8434	0.038205
8443	0.420080
8452	0.414095
8461	0.253683
8471	0.393744
8479	0.169886
8488	0.417686
8497	0.548170
8506	0.161506
8516	0.197419
8525	0.531410
8534	0.336283
8543	0.212982
8551	0.308750
8561	0.268048
8570	0.253683
8579	0.203405
8588	-0.113827
8597	-0.007285
8607	0.068132
8615	-0.140163
8624	-0.174879
8633	-0.209595
8643	-0.306560
8652	-0.300575
8661	-0.478943
8670	-0.675267
8679	-0.458592
8688	-0.526827
8697	-0.639354
8706	-0.498096
8715	-0.725545
8724	-0.571120
8734	-0.375992
8743	-0.765050
8752	-0.568725
8760	-0.342473
8770	-0.601047
8779	-0.449015
8788	-0.209595
8797	-0.347262
8806	-0.191639
8816	-0.044395
8825	-0.186850
8834	0.016657
8842	0.154324
8851	-0.075520
8861	0.236924
8870	0.370999
8879	0.076512
8888	0.180660
8898	0.356634
8906	0.132776
8915	0.416489
8924	0.436839
8933	0.031022
8943	0.294384
8952	0.523031
8961	0.136367
8970	0.108834
8978	0.232135
8988	0.209390
8997	0.264457
9006	0.185448
9015	-0.025241
9024	0.354239
9034	0.429657
9043	0.057358
9051	0.226150
9060	0.453599
9070	0.224953
9079	0.278822
9088	0.319524
9097	0.217770
9106	0.493103
9115	0.509862
9124	0.120805
9133	0.436839
9142	0.551761
9151	0.201011
9161	0.210587
9170	0.248895
9178	0.254880
9187	0.284808
9197	0.094469
9206	-0.088688
9215	0.025037
9224	0.094469
9233	-0.173682
9243	-0.267056
9251	-0.270647
9260	-0.298180
9269	-0.296983
9278	-0.660902
9288	-0.529221
9297	-0.378386
9306	-0.765050
9315	-0.568725
9323	-0.656114
9333	-0.747093
9342	-0.456198
9351	-0.568725
9360	-0.779415
9370	-0.287407
9379	-0.501688
9388	-0.635763
9397	-0.286209
9405	-0.299378
9415	-0.336488
9424	-0.009679
9433	-0.159317
9442	-0.032424
9451	0.217770
9461	-0.000102
9470	-0.038410
9478	0.400926
9487	0.215376
9497	0.078906
9506	0.336283
9515	0.173477
9524	0.232135
9533	0.587674
9542	0.210587
9551	0.044190
9560	0.439234
9569	0.257274
9578	-0.010876
9588	0.172280
9597	0.254880
9606	0.308750
9614	0.229741
9624	0.056161
9633	0.160309
9642	0.475147
9651	0.104045
9660	0.022642
9670	0.410503
9678	0.379379
9687	0.301567
9696	0.297976
9705	0.272837
9715	0.458387
9724	0.518242
9733	0.227347
9742	0.229741
9751	0.494300
9760	0.465570
9769	0.250092
9778	0.309947
9787	0.309947
9797	0.318326
9806	0.162703
9815	-0.117418
9823	0.045387
9832	0.033416
9842	-0.143754
9851	-0.226354
9860	-0.220369
9869	-0.311349
9879	-0.287407
9888	-0.516053
9896	-0.651325
9905	-0.338882
9914	-0.548375
9924	-0.738714
9933	-0.579499
9942	-0.682450
9951	-0.683647
9960	-0.474154
9970	-0.774627
9978	-0.626186
9987	-0.326911
9996	-0.536404
10005	-0.404722
10015	-0.177273
10024	-0.380780
10033	-0.123404
10042	-0.037212
10052	-0.192836
10061	-0.013270
10070	0.173477
10078	-0.001300
10087	0.136367
10097	0.189040
10106	0.033416
10115	0.303961
10124	0.406912
10133	0.204602
10143	0.326706
10152	0.262063
10161	0.001095
10170	0.360225
10180	0.341071
10188	-0.015665
10197	0.206996
10206	0.365013
10215	0.187842
10225	0.202208
10234	0.075315
10243	0.066935
10252	0.475147
10261	0.145944
10271	0.019051
10280	0.427263
10289	0.423671
10297	0.224953
10307	0.445219
10316	0.300370
10325	0.360225
10334	0.543381
10343	0.272837
10353	0.178266
10362	0.543381
10371	0.476344
10380	0.161506
10389	0.309947
10399	0.311144
10408	0.178266
10416	0.224953
10425	-0.064746
10435	-0.010876
10444	0.077709
10453	-0.135375
10462	-0.192836
10471	-0.194033
10481	-0.259873
10490	-0.312546
10499	-0.472957
10508	-0.636960
10517	-0.459789
10527	-0.577105
10536	-0.648931
10544	-0.513659
10553	-0.733925
10563	-0.534009
10572	-0.529221
10581	-0.741108
10590	-0.484928
10599	-0.334094
10609	-0.580696
10618	-0.300575
10627	-0.262267
10636	-0.366415
10645	-0.067140
10655	-0.062352
10664	-0.200018
10672	0.108834
10681	0.142353
10691	-0.053972
10700	0.242909
10709	0.202208
10718	0.070527
10727	0.376984
10737	0.356634
10746	0.076512
10755	0.412897
10764	0.355437
10773	-0.025241
10782	0.416489
10791	0.314735
10800	-0.052775
10809	0.210587
10819	0.338677
10828	0.171083
10837	0.197419
10846	0.094469
10855	0.106440
10865	0.438037
10874	0.203405
10883	0.001095
10891	0.409306
10900	0.410503
10910	0.230938
10919	0.410503
10928	0.283611
10937	0.317129
10947	0.572112
10956	0.254880
10965	0.137564
10974	0.546973
10983	0.428460
10993	0.233332
11001	0.305158
11010	0.252486
11019	0.234529
11028	0.167492
11038	-0.113827
11047	-0.074323
11056	0.112425
11065	-0.103053
11075	-0.177273
11084	-0.166499
11093	-0.362824
11102	-0.222763
11111	-0.456198
11120	-0.628580
11129	-0.419088
11138	-0.520841
11147	-0.674070
11156	-0.508870
11166	-0.694421
11175	-0.591470
11184	-0.413102
11193	-0.683647
11203	-0.559149
11212	-0.328108
11221	-0.516053
11230	-0.465775
11239	-0.207201
11248	-0.324517
11257	-0.135375
11266	-0.075520
11275	-0.182062
11284	0.077709
11294	0.088483
11303	-0.046789
11312	0.228544
11321	0.305158
11331	0.132776
11340	0.283611
11349	0.258471
11358	0.131579
11366	0.481132
11376	0.312341
11385	-0.038410
11394	0.387758
11403	0.361422
11412	0.050176
11422	0.269245
11431	0.300370
11440	0.161506
11449	0.320721
11459	0.082498
11468	0.144747
11476	0.452402
11485	0.160309
11494	0.001095
11504	0.485921
11513	0.442825
11522	0.155521
11531	0.387758
11540	0.232135
11550	0.319524
11559	0.576900
11568	0.258471
11577	0.094469
11587	0.557747
11595	0.457190
11604	0.106440
11613	0.335086
11622	0.266851
11632	0.199813
11641	0.131579
11650	-0.065943
11659	-0.037212
11668	0.139958
11678	-0.073126
11687	-0.288604
11696	-0.168894
11705	-0.257479
11714	-0.295786
11723	-0.500491
11732	-0.674070
11741	-0.416693
11750	-0.573514
11760	-0.626186
11769	-0.592667
11778	-0.720757
11787	-0.490914
11796	-0.500491
11806	-0.765050
11815	-0.519644
11824	-0.316137
11833	-0.660902
11843	-0.356838
11851	-0.184456
11860	-0.391554
11869	-0.079111
11878	0.023840
11888	-0.171288
11897	0.010671
11906	0.087286
11915	-0.061154
11924	0.239318
11934	0.307553
11943	0.118411
11952	0.244106
11961	0.297976
11970	0.205799
11979	0.557747
11988	0.258471
11997	-0.051578
12006	0.381773
12016	0.423671
12025	0.048979
12034	0.132776
12043	0.370999
12052	0.202208
12062	0.218967
12071	0.075315
12080	0.169886
12088	0.421277
12098	0.205799
12107	0.041796
12116	0.447613
12125	0.420080
12134	0.236924
12144	0.306355
12153	0.305158
12162	0.379379
12171	0.491906
12180	0.259668
12190	0.221361
12198	0.463176
12207	0.426066
12216	0.179463
12226	0.330297
12235	0.323115
12244	0.193828
12253	0.124396
12262	0.004686
12272	0.004686
12281	0.046584
12290	-0.203610
12299	-0.189244
12307	-0.184456
12317	-0.312546
12326	-0.336488
12335	-0.458592
12344	-0.633369
12354	-0.449015
12363	-0.566331
12372	-0.715969
12381	-0.648931
12390	-0.634566
12400	-0.599850
12409	-0.535206
12418	-0.675267
12427	-0.560346
12436	-0.414299
12445	-0.538798
12454	-0.434650
12463	-0.247902
12472	-0.318531
12482	-0.083899
12491	-0.068337
12500	-0.178470
12509	0.027431
12518	0.025037
12528	0.021445
12537	0.218967
12546	0.206996
12555	0.110031
12563	0.345860
12573	0.393744
12582	0.262063
12591	0.399729
12600	0.118411
12610	0.053767
12619	0.500286
12628	0.319524
12637	-0.028833
12646	0.156718
12656	0.355437
12665	0.229741
12674	0.266851
12682	0.088483
12691	0.196222
12701	0.459584
12710	0.165097
12719	0.064541
12728	0.475147
12738	0.349451
12747	0.197419
12756	0.415292
12765	0.299173
12774	0.421277
12784	0.483526
12792	0.280019
12801	0.248895
12810	0.526622
12819	0.345860
12829	0.165097
12838	0.350648
12847	0.245303
12856	0.187842
12866	0.183054
12875	-0.047986
12884	-0.063549
12893	-0.001300
12901	-0.156923
12911	-0.140163
12920	-0.177273
12929	-0.300575
12938	-0.323320
12947	-0.511264
12957	-0.626186
12966	-0.380780
12975	-0.633369
12984	-0.693224
12994	-0.486125
13003	-0.750685
13012	-0.613018
13021	-0.433453
13030	-0.735122
13039	-0.502885
13048	-0.286209
13057	-0.566331
13066	-0.443030
13075	-0.215581
13085	-0.295786
13094	-0.126995
13103	-0.055169
13112	-0.216778
13122	0.083695
13131	0.144747
13140	-0.069534
13149	0.151929
13158	0.246500
13167	0.099257
13176	0.339874
13185	0.307553
13194	0.135170
13203	0.354239
13213	0.337480
13222	0.019051
13231	0.296779
13240	0.386561
13250	0.070527
13259	0.150732
13268	0.336283
13276	0.143550
13285	0.172280
13295	0.119608
13304	0.108834
13313	0.392547
13322	0.224953
13331	0.001095
13341	0.398532
13350	0.432051
13359	0.258471
13368	0.397335
13378	0.320721
13386	0.300370
13395	0.500286
13404	0.318326
13413	0.135170
13423	0.558944
13432	0.376984
13441	0.192631
13450	0.327903
13459	0.278822
13469	0.223755
13478	0.203405
13487	-0.039607
13495	-0.030030
13504	0.087286
13514	-0.111433
13523	-0.262267
13532	-0.210792
13541	-0.283815
13551	-0.329305
13560	-0.421482
13569	-0.630975
13578	-0.453804
13587	-0.510067
13597	-0.640551
13606	-0.524433
13615	-0.705195
13623	-0.602244
13632	-0.437044
13642	-0.662099
13651	-0.534009
13660	-0.377189
13669	-0.542389
13679	-0.408314
13688	-0.235931
13697	-0.304166
13706	-0.152134
13715	-0.046789
13725	-0.111433
13734	0.074118
13742	0.065738
13751	-0.067140
13760	0.217770
13770	0.299173
13779	0.122002
13788	0.282413
13797	0.294384
13807	0.131579
13816	0.436839
13825	0.350648
13834	0.025037
13843	0.214179
13853	0.470358
13861	0.167492
13870	0.157915
13879	0.278822
13888	0.160309
13898	0.289596
13907	0.141155
13916	0.032219
13925	0.365013
13935	0.318326
13944	0.027431
13953	0.345860
13962	0.410503
13970	0.235726
13980	0.295582
13989	0.248895
13998	0.295582
14007	0.518242
14016	0.379379
14026	0.139958
14035	0.428460
14044	0.500286
14053	0.202208
14063	0.263260
14072	0.257274
14080	0.270442
14089	0.169886
14098	-0.006088
14108	-0.022847
14117	0.101651
14126	-0.070731
14135	-0.226354
14144	-0.202412
14154	-0.275436
14163	-0.336488
14172	-0.458592
14181	-0.634566
14191	-0.383175
14200	-0.538798
14209	-0.650128
14217	-0.538798
14226	-0.677661
14236	-0.601047
14245	-0.500491
14254	-0.757867
14263	-0.507673
14272	-0.324517
14282	-0.632172
14291	-0.391554
14300	-0.196427
14309	-0.390357
14319	-0.154528
14328	-0.015665
14337	-0.150937
14345	-0.033621
14354	0.114819
14364	0.051373
14373	0.253683
14382	0.281216
14391	0.102848
14400	0.320721
14410	0.333889
14419	0.171083
14428	0.372196
14437	0.363816
14447	0.007080
14456	0.226150
14464	0.573309
14473	0.165097
14482	0.077709
14492	0.258471
14501	0.302764
14510	0.228544
14519	0.151929
14528	0.053767
14538	0.353042
14547	0.335086
14556	0.053767
14564	0.291990
14574	0.445219
14583	0.250092
14592	0.268048
14601	0.305158
14610	0.336283
14620	0.440431
14629	0.327903
14638	0.185448
14647	0.470358
14656	0.578097
14666	0.265654
14675	0.192631
14683	0.251289
14692	0.278822
14702	0.201011
14711	-0.000102
14720	-0.063549
14729	0.010671
14738	-0.036015
14748	-0.196427
14757	-0.235931
14766	-0.305363
14775	-0.282618
14784	-0.465775
14794	-0.569922
14802	-0.414299
14811	-0.517250
14820	-0.623792
14830	-0.511264
14839	-0.730334
14848	-0.656114
14857	-0.499293
14866	-0.731531
14876	-0.519644
14885	-0.367612
14894	-0.589076
14903	-0.411905
14912	-0.301772
14922	-0.374795
14930	-0.194033
14939	-0.089885
14948	-0.184456
14958	0.029825
14967	0.124396
14976	-0.001300
14985	0.195025
14994	0.274034
--- MEDICIÓN FINALIZADA ---
