0	0.522263
9	0.658732
18	0.759289
27	0.646761
36	0.580921
45	0.707814
54	0.722179
63	0.655141
72	0.680280
80	0.692251
90	0.647959
99	0.754500
108	0.671901
116	0.632396
125	0.659930
135	0.609651
144	0.559373
153	0.523460
162	0.604863
170	0.418115
180	0.392976
189	0.300799
198	0.296011
207	0.245733
216	0.227776
225	0.153556
234	0.060182
243	0.066168
252	-0.021221
262	-0.169661
270	-0.078682
279	-0.199589
288	-0.370774
297	-0.330073
307	-0.345635
315	-0.466542
324	-0.431826
333	-0.491681
343	-0.691597
352	-0.571887
361	-0.610194
369	-0.795745
378	-0.710751
388	-0.825673
397	-0.878345
406	-0.728707
415	-0.856797
423	-1.006435
433	-0.753847
442	-0.788562
451	-0.914258
460	-0.755044
469	-0.619771
478	-0.735890
487	-0.650896
496	-0.489287
505	-0.462951
515	-0.604209
523	-0.613786
532	-0.373168
541	-0.005659
550	-0.219940
560	-0.436615
569	-0.188815
577	0.182286
586	0.143979
595	-0.084667
605	-0.138537
614	0.160738
623	0.391779
631	0.160738
640	0.141585
650	0.372625
659	0.379808
668	0.369034
676	0.397765
686	0.360654
695	0.462408
704	0.521066
713	0.548599
721	0.519869
731	0.550993
740	0.507898
749	0.567753
758	0.700631
767	0.511489
776	0.583315
785	0.704222
794	0.601272
803	0.628805
813	0.693448
821	0.600075
830	0.607257
839	0.688660
848	0.643170
858	0.644367
867	0.657535
875	0.554585
884	0.577330
893	0.566556
903	0.503109
912	0.414524
920	0.486350
929	0.330727
938	0.307982
948	0.299602
957	0.244536
966	0.149965
974	0.062576
984	0.031452
993	-0.072696
1002	-0.034389
1011	-0.120580
1020	-0.254655
1029	-0.284583
1038	-0.285780
1047	-0.376760
1056	-0.405490
1065	-0.423447
1075	-0.595829
1084	-0.565902
1093	-0.637728
1101	-0.638925
1111	-0.630545
1120	-0.771803
1129	-0.850812
1138	-0.775394
1147	-0.738284
1157	-0.838841
1166	-0.768212
1175	-0.732299
1183	-0.752649
1192	-0.778986
1202	-0.715539
1211	-0.684415
1220	-0.642516
1229	-0.551536
1239	-0.591041
1248	-0.519215
1256	-0.394716
1265	-0.358803
1274	-0.271415
1284	-0.223531
1293	-0.201983
1302	-0.188815
1311	-0.082273
1320	-0.066711
1329	0.002721
1338	0.025466
1347	-0.008053
1356	0.146373
1365	0.189469
1375	0.183483
1384	0.315165
1393	0.416918
1401	0.264886
1411	0.353472
1420	0.402553
1429	0.330727
1438	0.420509
1447	0.525854
1457	0.475576
1465	0.486350
1474	0.495927
1483	0.487547
1492	0.546205
1502	0.657535
1511	0.606060
1520	0.646761
1529	0.606060
1538	0.548599
1547	0.665915
1556	0.615637
1565	0.553388
1574	0.626411
1584	0.659930
1593	0.609651
1601	0.560570
1610	0.603666
1619	0.444451
1629	0.529446
1638	0.528248
1647	0.382202
1656	0.366640
1664	0.357063
1674	0.270872
1683	0.281646
1692	0.284040
1701	0.105672
1711	0.072153
1720	0.079336
1729	-0.030798
1737	0.003918
1746	-0.048754
1756	-0.231911
1765	-0.288174
1774	-0.144522
1783	-0.326482
1792	-0.374366
1802	-0.367183
1810	-0.576676
1819	-0.562310
1828	-0.502455
1838	-0.652093
1847	-0.593435
1856	-0.637728
1865	-0.781380
1874	-0.698780
1884	-0.668852
1892	-0.859191
1901	-0.720328
1910	-0.714342
1919	-0.787365
1929	-0.611392
1938	-0.680823
1947	-0.698780
1956	-0.544354
1965	-0.555128
1974	-0.563508
1983	-0.476119
1992	-0.417461
2001	-0.376760
2011	-0.245079
2020	-0.217545
2029	-0.169661
2038	-0.128960
2046	-0.085864
2056	0.015889
2065	0.043423
2074	0.074547
2083	0.093701
2093	0.211017
2102	0.185878
2110	0.211017
2119	0.285237
2128	0.359457
2138	0.237353
2147	0.397765
2156	0.398962
2165	0.305588
2174	0.307982
2183	0.475576
2192	0.491138
2201	0.353472
2210	0.448043
2220	0.506701
2229	0.525854
2238	0.566556
2246	0.475576
2255	0.572541
2265	0.631199
2274	0.505504
2283	0.596483
2292	0.652747
2301	0.548599
2311	0.553388
2319	0.638382
2328	0.509095
2337	0.553388
2346	0.607257
2356	0.481562
2365	0.471985
2374	0.483956
2383	0.366640
2392	0.297208
2401	0.412130
2410	0.187075
2419	0.143979
2428	0.264886
2438	0.084124
2447	0.002721
2455	0.035043
2464	-0.099032
2473	-0.112200
2483	-0.081076
2492	-0.248670
2501	-0.297751
2510	-0.201983
2520	-0.324087
2528	-0.405490
2537	-0.371971
2546	-0.521609
2555	-0.568296
2565	-0.466542
2574	-0.619771
2583	-0.588647
2592	-0.564705
2600	-0.741876
2610	-0.690400
2619	-0.696386
2628	-0.744270
2637	-0.699977
2647	-0.630545
2656	-0.703568
2665	-0.685612
2674	-0.628151
2682	-0.667655
2692	-0.563508
2701	-0.477316
2710	-0.455768
2719	-0.381548
2728	-0.312116
2738	-0.337255
2747	-0.224728
2755	-0.169661
2764	-0.191209
2773	-0.112200
2783	-0.139734
2792	-0.000870
2801	0.026663
2810	0.129614
2820	0.134402
2828	0.185878
2837	0.250521
2846	0.256507
2855	0.348683
2865	0.234959
2874	0.284040
2883	0.445649
2891	0.467196
2900	0.311573
2910	0.358260
2919	0.568950
2928	0.450437
2937	0.397765
2947	0.440860
2955	0.458817
2964	0.565359
2973	0.534234
2982	0.416918
2992	0.550993
3001	0.606060
3010	0.481562
3019	0.479167
3027	0.562964
3037	0.536628
3046	0.612046
3055	0.572541
3064	0.499518
3074	0.554585
3083	0.506701
3092	0.371428
3100	0.419312
3109	0.510292
3119	0.339107
3128	0.297208
3137	0.275660
3146	0.196652
3155	0.188272
3164	0.226579
3173	0.049408
3182	0.002721
3191	0.045817
3200	-0.055937
3210	-0.170858
3219	-0.089456
3228	-0.263035
3236	-0.348029
3246	-0.248670
3255	-0.363592
3264	-0.428235
3273	-0.375563
3282	-0.513229
3292	-0.612589
3301	-0.506047
3310	-0.573084
3318	-0.676035
3327	-0.643713
3337	-0.725116
3346	-0.758635
3355	-0.550339
3364	-0.664064
3374	-0.752649
3383	-0.647305
3391	-0.677232
3400	-0.686809
3409	-0.577873
3419	-0.518018
3428	-0.541960
3437	-0.441403
3446	-0.450980
3455	-0.415067
3464	-0.314511
3473	-0.358803
3482	-0.200786
3491	-0.138537
3501	-0.111003
3510	-0.102624
3519	-0.009250
3528	0.094898
3536	0.102081
3546	0.142782
3555	0.106869
3564	0.199046
3573	0.276857
3582	0.309179
3592	0.431283
3601	0.358260
3609	0.280449
3618	0.425298
3628	0.545008
3637	0.269675
3646	0.345092
3655	0.494730
3664	0.525854
3673	0.561767
3682	0.392976
3691	0.515080
3700	0.634790
3709	0.499518
3719	0.437269
3728	0.507898
3736	0.651550
3745	0.434875
3754	0.556979
3764	0.604863
3773	0.546205
3782	0.517475
3791	0.573738
3801	0.493533
3809	0.468393
3818	0.542614
3827	0.428889
3836	0.335515
3846	0.465999
3855	0.357063
3864	0.318756
3873	0.262492
3881	0.188272
3891	0.158344
3900	0.167921
3909	0.023072
3918	-0.069105
3928	-0.002067
3937	-0.102624
3945	-0.175647
3954	-0.097835
3963	-0.370774
3973	-0.376760
3982	-0.247473
3991	-0.421052
4000	-0.482105
4009	-0.394716
4018	-0.593435
4027	-0.594632
4036	-0.573084
4045	-0.739481
4055	-0.626954
4064	-0.620968
4073	-0.764620
4082	-0.689203
4090	-0.605406
4100	-0.788562
4109	-0.726313
4118	-0.595829
4127	-0.695189
4136	-0.688006
4146	-0.652093
4155	-0.569493
4163	-0.496470
4172	-0.550339
4181	-0.444995
4191	-0.322890
4200	-0.367183
4209	-0.319299
4218	-0.143325
4228	-0.126566
4237	-0.150508
4245	-0.053542
4254	-0.053542
4263	0.093701
4273	0.167921
4282	0.076941
4291	0.189469
4300	0.262492
4308	0.279252
4318	0.340304
4327	0.412130
4336	0.304391
4345	0.348683
4355	0.480364
4364	0.481562
4373	0.328333
4381	0.451634
4390	0.564161
4400	0.527051
4409	0.528248
4418	0.381005
4427	0.511489
4436	0.635987
4446	0.560570
4454	0.421707
4463	0.773654
4472	0.568950
4482	0.324741
4491	0.582118
4500	0.640776
4509	0.560570
4517	0.438466
4527	0.497124
4536	0.646761
4545	0.586906
4554	0.367837
4563	0.281646
4573	0.404947
4582	0.486350
4590	0.250521
4599	0.193060
4608	0.319953
4618	0.296011
4627	0.254112
4636	0.214608
4645	-0.082273
4654	-0.349226
4663	-0.067908
4672	0.237353
4681	0.020678
4690	-0.439009
4700	-0.644910
4709	-0.253458
4718	-0.069105
4726	-0.419855
4735	-0.703568
4745	-0.453374
4754	-0.400702
4763	-0.521609
4772	-0.677232
4782	-0.747861
4791	-0.494076
4799	-0.576676
4808	-1.035165
4817	-0.697583
4827	-0.497667
4836	-0.841235
4845	-0.818490
4854	-0.586252
4863	-0.593435
4872	-0.610194
4881	-0.745467
4890	-0.576676
4899	-0.337255
4909	-0.568296
4918	-0.549142
4927	-0.286977
4936	-0.186421
4945	-0.291766
4954	-0.260641
4963	-0.139734
4972	-0.041571
4981	0.051802
4990	-0.042769
5000	0.008707
5009	0.178695
5018	0.194257
5026	0.188272
5036	0.211017
5045	0.202637
5054	0.310376
5063	0.385793
5072	0.291223
5082	0.345092
5091	0.555782
5099	0.492335
5108	0.355866
5117	0.432480
5127	0.506701
5136	0.627608
5145	0.519869
5154	0.444451
5162	0.573738
5172	0.698237
5181	0.568950
5190	0.475576
5199	0.638382
5209	0.653944
5218	0.529446
5227	0.564161
5235	0.585709
5244	0.630002
5254	0.571344
5263	0.465999
5272	0.469591
5281	0.626411
5290	0.436072
5300	0.408538
5308	0.384596
5317	0.430086
5326	0.384596
5336	0.280449
5345	0.249324
5354	0.177498
5363	0.183483
5371	0.195454
5381	-0.006856
5390	-0.058331
5399	-0.004461
5408	-0.094244
5417	-0.133748
5427	-0.219940
5436	-0.286977
5444	-0.364789
5453	-0.351621
5463	-0.444995
5472	-0.502455
5481	-0.385139
5490	-0.650896
5499	-0.653290
5509	-0.545551
5517	-0.801731
5526	-0.665261
5535	-0.683218
5544	-0.838841
5554	-0.738284
5563	-0.715539
5572	-0.856797
5581	-0.738284
5591	-0.629348
5599	-0.798139
5608	-0.646107
5617	-0.647305
5626	-0.636531
5636	-0.515623
5645	-0.520412
5654	-0.467739
5663	-0.338453
5671	-0.344438
5681	-0.314511
5690	-0.125369
5699	-0.146916
5708	-0.100230
5717	-0.028403
5727	0.007510
5736	0.091307
5745	0.132008
5753	0.208623
5763	0.142782
5772	0.287631
5781	0.334318
5790	0.334318
5799	0.337909
5809	0.321150
5817	0.371428
5826	0.500715
5835	0.373822
5844	0.404947
5854	0.519869
5863	0.592892
5872	0.509095
5880	0.529446
5890	0.535431
5899	0.560570
5908	0.627608
5917	0.604863
5926	0.513883
5936	0.683872
5945	0.606060
5953	0.562964
5962	0.634790
5971	0.595286
5981	0.540219
5990	0.596483
5999	0.582118
6008	0.506701
6016	0.595286
6026	0.507898
6035	0.419312
6044	0.470788
6053	0.433678
6063	0.304391
6072	0.315165
6081	0.343895
6089	0.135599
6098	0.158344
6108	0.145176
6117	-0.026009
6126	-0.042769
6135	-0.055937
6144	-0.170858
6154	-0.064316
6162	-0.184026
6171	-0.365986
6180	-0.365986
6190	-0.278597
6199	-0.449783
6208	-0.513229
6217	-0.449783
6226	-0.685612
6235	-0.648502
6244	-0.589844
6253	-0.713145
6262	-0.719131
6271	-0.729905
6281	-0.763423
6290	-0.725116
6299	-0.709554
6308	-0.857994
6318	-0.812504
6326	-0.630545
6335	-0.709554
6344	-0.735890
6353	-0.606603
6363	-0.630545
6372	-0.604209
6381	-0.483302
6390	-0.477316
6398	-0.336058
6408	-0.328876
6417	-0.309722
6426	-0.225925
6435	-0.114595
6445	-0.130157
6454	-0.144522
6463	0.023072
6471	0.129614
6480	0.129614
6490	0.179892
6499	0.143979
6508	0.222988
6517	0.312770
6526	0.369034
6535	0.375020
6544	0.378611
6553	0.397765
6562	0.464802
6572	0.595286
6581	0.391779
6590	0.494730
6599	0.604863
6607	0.546205
6617	0.505504
6626	0.473182
6635	0.643170
6644	0.652747
6653	0.571344
6663	0.535431
6671	0.634790
6680	0.718587
6689	0.469591
6698	0.620425
6708	0.639579
6717	0.570147
6726	0.618031
6735	0.576132
6744	0.509095
6753	0.577330
6762	0.541417
6771	0.415721
6780	0.477970
6790	0.511489
6799	0.324741
6807	0.309179
6816	0.342698
6825	0.178695
6835	0.167921
6844	0.188272
6853	0.080533
6862	-0.054740
6871	-0.008053
6880	-0.106215
6889	-0.139734
6898	-0.163676
6907	-0.393519
6917	-0.389928
6926	-0.350424
6935	-0.407884
6944	-0.492879
6952	-0.471331
6962	-0.582661
6971	-0.660473
6980	-0.654487
6989	-0.722722
6999	-0.792154
7008	-0.733496
7017	-0.767015
7026	-0.780183
7034	-0.726313
7044	-0.860388
7053	-0.817293
7062	-0.698780
7071	-0.725116
7080	-0.735890
7090	-0.644910
7099	-0.661670
7107	-0.595829
7116	-0.502455
7125	-0.448586
7135	-0.540762
7144	-0.403096
7153	-0.186421
7162	-0.231911
7172	-0.188815
7180	-0.114595
7189	-0.100230
7198	0.017086
7207	0.087715
7217	0.073350
7226	0.148767
7235	0.243338
7243	0.234959
7252	0.270872
7262	0.355866
7271	0.300799
7280	0.442057
7289	0.418115
7299	0.446846
7308	0.493533
7316	0.446846
7325	0.511489
7334	0.613243
7344	0.572541
7353	0.559373
7362	0.590498
7371	0.589301
7380	0.598877
7389	0.603666
7398	0.600075
7407	0.650353
7416	0.634790
7426	0.578527
7435	0.608454
7444	0.603666
7452	0.613243
7461	0.592892
7471	0.616834
7480	0.618031
7489	0.536628
7498	0.540219
7507	0.425298
7517	0.493533
7525	0.511489
7534	0.321150
7543	0.315165
7552	0.348683
7562	0.237353
7571	0.123628
7580	0.230170
7589	0.066168
7598	-0.033192
7607	0.001524
7616	-0.137340
7625	-0.169661
7634	-0.163676
7644	-0.334861
7653	-0.352818
7662	-0.292963
7670	-0.456966
7679	-0.521609
7689	-0.440206
7698	-0.626954
7707	-0.666458
7716	-0.624560
7726	-0.792154
7735	-0.702371
7744	-0.688006
7752	-0.861586
7761	-0.728707
7771	-0.769409
7780	-0.859191
7789	-0.702371
7798	-0.737087
7807	-0.778986
7817	-0.607800
7825	-0.746664
7834	-0.733496
7843	-0.498864
7853	-0.587450
7862	-0.581464
7871	-0.312116
7880	-0.380351
7889	-0.271415
7898	-0.205574
7907	-0.181632
7916	-0.132551
7925	-0.071499
7934	-0.111003
7944	0.043423
7953	0.147570
7962	0.042225
7970	0.124825
7980	0.214608
7989	0.190666
7998	0.316362
8007	0.401356
8016	0.221791
8026	0.335515
8035	0.589301
8043	0.421707
8052	0.298405
8061	0.467196
8071	0.574935
8080	0.573738
8089	0.474379
8098	0.448043
8106	0.614440
8116	0.726967
8125	0.501912
8134	0.535431
8143	0.707814
8153	0.668309
8162	0.518672
8171	0.669506
8179	0.585709
8188	0.677886
8198	0.700631
8207	0.578527
8216	0.586906
8225	0.584512
8234	0.607257
8243	0.426495
8252	0.455225
8261	0.425298
8270	0.402553
8280	0.367837
8289	0.279252
8298	0.244536
8307	0.291223
8315	0.181089
8325	0.015889
8334	0.060182
8343	0.009904
8352	-0.133748
8361	-0.145719
8371	-0.157690
8380	-0.277400
8388	-0.289371
8397	-0.228319
8407	-0.345635
8416	-0.357606
8425	-0.452177
8434	-0.624560
8443	-0.551536
8453	-0.598223
8461	-0.683218
8470	-0.619771
8479	-0.677232
8488	-0.765818
8498	-0.637728
8507	-0.757438
8516	-0.802928
8525	-0.699977
8535	-0.728707
8543	-0.755044
8552	-0.666458
8561	-0.703568
8570	-0.617377
8580	-0.532383
8589	-0.562310
8598	-0.506047
8607	-0.423447
8615	-0.401899
8625	-0.339650
8634	-0.210363
8643	-0.233108
8652	-0.095441
8661	-0.103821
8671	-0.043966
8680	0.082927
8688	0.024269
8697	0.092504
8707	0.130811
8716	0.248127
8725	0.211017
8734	0.232565
8743	0.343895
8753	0.232565
8761	0.348683
8770	0.461211
8779	0.299602
8788	0.286434
8798	0.475576
8807	0.489941
8816	0.437269
8825	0.510292
8834	0.462408
8843	0.585709
8852	0.585709
8861	0.471985
8870	0.511489
8880	0.655141
8889	0.507898
8897	0.598877
8906	0.647959
8915	0.547402
8925	0.585709
8934	0.624017
8943	0.582118
8952	0.451634
8962	0.584512
8970	0.555782
8979	0.451634
8988	0.576132
8997	0.431283
9007	0.317559
9016	0.353472
9025	0.292420
9033	0.185878
9042	0.257704
9052	0.165527
9061	0.055394
9070	0.067365
9079	0.025466
9088	-0.164873
9098	-0.089456
9106	-0.172055
9115	-0.266626
9124	-0.204377
9134	-0.270218
9143	-0.352818
9152	-0.418658
9161	-0.485696
9170	-0.589844
9180	-0.483302
9188	-0.601815
9197	-0.612589
9206	-0.592238
9215	-0.750255
9225	-0.732299
9234	-0.538368
9243	-0.741876
9252	-0.793351
9262	-0.644910
9270	-0.762226
9279	-0.680823
9288	-0.622165
9297	-0.672444
9307	-0.556325
9316	-0.581464
9325	-0.525200
9334	-0.391125
9342	-0.393519
9352	-0.416264
9361	-0.198392
9370	-0.146916
9379	-0.255853
9389	-0.126566
9398	-0.073893
9407	0.024269
9415	0.118840
9424	0.045817
9434	0.043423
9443	0.189469
9452	0.170315
9461	0.237353
9470	0.436072
9480	0.215805
9488	0.220594
9497	0.475576
9506	0.396567
9516	0.219396
9525	0.354669
9534	0.523460
9543	0.421707
9551	0.498321
9561	0.382202
9570	0.489941
9579	0.621622
9588	0.439663
9597	0.410933
9607	0.641973
9616	0.556979
9624	0.400159
9633	0.647959
9642	0.622819
9652	0.497124
9661	0.632396
9670	0.531840
9679	0.536628
9689	0.523460
9697	0.462408
9706	0.487547
9715	0.467196
9724	0.432480
9734	0.354669
9743	0.392976
9752	0.325938
9760	0.207425
9769	0.226579
9779	0.201440
9788	0.058985
9797	0.008707
9806	-0.037980
9816	-0.040374
9825	-0.069105
9833	-0.121777
9842	-0.267824
9851	-0.301342
9861	-0.229516
9870	-0.304934
9879	-0.449783
9888	-0.374366
9897	-0.522806
9906	-0.497667
9915	-0.437812
9924	-0.650896
9933	-0.619771
9943	-0.676035
9952	-0.703568
9961	-0.622165
9970	-0.626954
9978	-0.767015
9988	-0.698780
9997	-0.575479
10006	-0.680823
10015	-0.649699
10024	-0.591041
10034	-0.576676
10043	-0.529989
10052	-0.502455
10061	-0.383942
10071	-0.295357
10080	-0.388731
10089	-0.333664
10097	-0.164873
10106	-0.106215
10116	-0.157690
10125	-0.029601
10134	-0.014038
10143	0.104475
10152	0.129614
10162	0.062576
10171	0.197849
10180	0.245733
10189	0.263689
10199	0.303194
10208	0.357063
10216	0.238550
10225	0.375020
10234	0.436072
10244	0.331924
10253	0.309179
10262	0.456422
10271	0.516277
10280	0.450437
10290	0.420509
10299	0.413327
10308	0.572541
10317	0.591695
10327	0.385793
10335	0.505504
10344	0.616834
10353	0.485153
10362	0.519869
10372	0.505504
10381	0.493533
10390	0.534234
10399	0.523460
10408	0.456422
10418	0.493533
10427	0.517475
10436	0.365443
10444	0.389385
10453	0.452831
10463	0.390582
10472	0.251718
10481	0.285237
10490	0.256507
10500	0.155950
10509	0.236156
10518	0.098489
10527	-0.052345
10536	-0.009250
10546	-0.058331
10554	-0.137340
10563	-0.158887
10572	-0.310919
10581	-0.355212
10591	-0.228319
10600	-0.295357
10609	-0.462951
10618	-0.423447
10628	-0.508441
10637	-0.564705
10646	-0.502455
10655	-0.686809
10664	-0.620968
10674	-0.606603
10682	-0.816096
10691	-0.702371
10700	-0.577873
10709	-0.799336
10719	-0.659276
10728	-0.585055
10737	-0.653290
10746	-0.619771
10756	-0.659276
10765	-0.561113
10774	-0.433024
10783	-0.557522
10792	-0.427038
10802	-0.310919
10811	-0.313313
10819	-0.249867
10828	-0.145719
10837	-0.108609
10847	-0.101427
10856	-0.048754
10865	0.002721
10874	0.115249
10884	0.164330
10893	0.080533
10902	0.214608
10911	0.248127
10920	0.226579
10929	0.369034
10938	0.359457
10947	0.222988
10956	0.409736
10965	0.517475
10975	0.400159
10984	0.329530
10993	0.498321
11002	0.512686
11012	0.442057
11021	0.439663
11030	0.439663
11039	0.616834
11047	0.574935
11057	0.431283
11066	0.543811
11075	0.616834
11084	0.516277
11093	0.487547
11103	0.570147
11112	0.541417
11121	0.511489
11130	0.501912
11140	0.467196
11149	0.524657
11157	0.477970
11166	0.341501
11175	0.372625
11185	0.474379
11194	0.342698
11203	0.255309
11212	0.256507
11221	0.232565
11231	0.165527
11240	0.165527
11249	0.068562
11258	-0.034389
11268	-0.040374
11276	-0.103821
11285	-0.101427
11294	-0.175647
11303	-0.291766
11313	-0.300145
11322	-0.316905
11331	-0.362395
11340	-0.486893
11349	-0.411476
11359	-0.545551
11368	-0.598223
11377	-0.552733
11386	-0.715539
11396	-0.625757
11404	-0.696386
11413	-0.757438
11422	-0.606603
11431	-0.716736
11441	-0.764620
11450	-0.658078
11459	-0.610194
11468	-0.677232
11477	-0.563508
11487	-0.549142
11496	-0.610194
11505	-0.464148
11514	-0.486893
11524	-0.385139
11533	-0.216348
11541	-0.313313
11550	-0.240290
11559	-0.115792
11569	-0.131354
11578	-0.087061
11587	0.012298
11596	0.093701
11605	0.166724
11615	0.154753
11624	0.154753
11633	0.187075
11642	0.282843
11652	0.294814
11660	0.330727
11669	0.381005
11678	0.310376
11687	0.475576
11697	0.488744
11706	0.337909
11715	0.340304
11724	0.562964
11733	0.497124
11743	0.434875
11752	0.566556
11761	0.483956
11769	0.579724
11779	0.522263
11788	0.470788
11797	0.540219
11806	0.615637
11815	0.561767
11825	0.509095
11834	0.590498
11843	0.527051
11852	0.537825
11861	0.509095
11871	0.483956
11879	0.535431
11888	0.480364
11897	0.396567
11907	0.397765
11916	0.448043
11925	0.279252
11934	0.266083
11943	0.307982
11953	0.170315
11962	0.124825
11971	0.169118
11980	0.012298
11989	-0.052345
11998	-0.012841
12007	-0.137340
12016	-0.188815
12025	-0.154099
12035	-0.288174
12044	-0.418658
12053	-0.239093
12062	-0.452177
12071	-0.425841
12081	-0.448586
12090	-0.727510
12099	-0.573084
12108	-0.513229
12117	-0.727510
12127	-0.667655
12135	-0.625757
12144	-0.829264
12153	-0.762226
12163	-0.682021
12172	-0.817293
12181	-0.690400
12190	-0.665261
12199	-0.714342
12209	-0.589844
12218	-0.599421
12227	-0.616180
12236	-0.465345
12245	-0.423447
12255	-0.465345
12264	-0.365986
12272	-0.263035
12281	-0.218742
12291	-0.172055
12300	-0.112200
12309	-0.099032
12318	0.060182
12327	0.061379
12337	0.104475
12346	0.153556
12355	0.148767
12364	0.218199
12373	0.285237
12382	0.394173
12391	0.360654
12400	0.371428
12409	0.360654
12419	0.414524
12428	0.609651
12437	0.330727
12446	0.378611
12455	0.552190
12465	0.548599
12474	0.503109
12483	0.495927
12492	0.504306
12500	0.644367
12510	0.602469
12519	0.442057
12528	0.596483
12537	0.706616
12547	0.426495
12556	0.572541
12565	0.674295
12574	0.523460
12583	0.548599
12593	0.560570
12602	0.528248
12610	0.488744
12619	0.536628
12628	0.351078
12638	0.377414
12647	0.533037
12656	0.255309
12665	0.327136
12675	0.366640
12684	0.139191
12693	0.195454
12702	0.164330
12711	-0.103821
12721	-0.028403
12729	-0.016432
12738	-0.173253
12747	-0.138537
12756	-0.172055
12766	-0.400702
12775	-0.337255
12784	-0.261838
12793	-0.502455
12803	-0.450980
12812	-0.559916
12821	-0.713145
12830	-0.556325
12839	-0.659276
12849	-0.750255
12857	-0.642516
12866	-0.755044
12875	-0.749058
12884	-0.580267
12894	-0.859191
12903	-0.811307
12912	-0.648502
12921	-0.758635
12931	-0.672444
12940	-0.563508
12949	-0.673641
12958	-0.502455
12967	-0.509638
12977	-0.558719
12985	-0.360000
12994	-0.307328
13003	-0.405490
13012	-0.149311
13022	-0.134945
13031	-0.163676
13040	-0.109806
13049	-0.041571
13059	0.017086
13068	0.159541
13077	0.116446
13086	0.134402
13095	0.237353
13104	0.291223
13113	0.321150
13122	0.363049
13131	0.364246
13140	0.307982
13150	0.535431
13159	0.486350
13168	0.300799
13177	0.519869
13187	0.579724
13196	0.504306
13205	0.535431
13213	0.434875
13222	0.522263
13232	0.689857
13241	0.525854
13250	0.501912
13259	0.709011
13268	0.586906
13278	0.523460
13287	0.675492
13296	0.637185
13305	0.541417
13315	0.645564
13323	0.553388
13332	0.598877
13341	0.573738
13350	0.535431
13360	0.395370
13369	0.494730
13378	0.443254
13387	0.279252
13396	0.321150
13406	0.268478
13415	0.208623
13424	0.233762
13433	0.116446
13442	-0.008053
13451	0.062576
13460	-0.035586
13469	-0.149311
13478	-0.124171
13488	-0.243882
13497	-0.312116
13506	-0.271415
13515	-0.328876
13524	-0.437812
13534	-0.394716
13543	-0.522806
13552	-0.629348
13561	-0.543157
13570	-0.810110
13579	-0.642516
13588	-0.638925
13597	-0.907075
13606	-0.654487
13616	-0.661670
13625	-0.887922
13634	-0.695189
13643	-0.723919
13652	-0.837644
13662	-0.634136
13671	-0.679626
13680	-0.717934
13689	-0.492879
13698	-0.585055
13707	-0.537171
13716	-0.332467
13725	-0.380351
13734	-0.370774
13744	-0.188815
13753	-0.185224
13762	-0.156493
13771	-0.063119
13780	-0.095441
13790	0.082927
13799	0.197849
13808	0.030254
13817	0.111657
13826	0.214608
13835	0.187075
13844	0.342698
13853	0.436072
13862	0.199046
13872	0.298405
13881	0.584512
13890	0.452831
13899	0.191863
13908	0.458817
13918	0.602469
13927	0.577330
13935	0.424101
13944	0.355866
13954	0.700631
13963	0.615637
13972	0.389385
13981	0.546205
13990	0.697040
14000	0.603666
14009	0.521066
14018	0.616834
14027	0.572541
14036	0.627608
14046	0.652747
14054	0.525854
14063	0.601272
14072	0.637185
14082	0.552190
14091	0.451634
14100	0.504306
14109	0.454028
14118	0.346289
14128	0.342698
14137	0.255309
14146	0.276857
14155	0.296011
14164	0.064970
14173	-0.029601
14182	0.025466
14191	-0.053542
14200	-0.047557
14210	-0.131354
14219	-0.313313
14228	-0.253458
14237	-0.204377
14246	-0.406687
14256	-0.460557
14265	-0.401899
14274	-0.533580
14283	-0.539565
14292	-0.546748
14301	-0.643713
14310	-0.603012
14319	-0.721525
14328	-0.838841
14338	-0.623363
14347	-0.722722
14356	-0.908273
14365	-0.699977
14374	-0.709554
14384	-0.732299
14393	-0.679626
14402	-0.673641
14411	-0.619771
14420	-0.545551
14430	-0.632939
14438	-0.482105
14447	-0.368380
14456	-0.412673
14466	-0.331270
14475	-0.193603
14484	-0.289371
14493	-0.154099
14502	-0.048754
14512	-0.093047
14521	0.097292
14530	0.129614
14539	0.062576
14548	0.157147
14557	0.203834
14566	0.260098
14575	0.328333
14584	0.281646
14594	0.206228
14603	0.491138
14612	0.485153
14621	0.262492
14630	0.284040
14640	0.548599
14649	0.495927
14658	0.358260
14666	0.439663
14675	0.454028
14685	0.687463
14694	0.582118
14703	0.426495
14712	0.589301
14722	0.700631
14731	0.626411
14740	0.542614
14749	0.586906
14758	0.591695
14768	0.768866
14777	0.589301
14785	0.548599
14794	0.657535
14803	0.586906
14813	0.456422
14822	0.444451
14831	0.549796
14840	0.444451
14850	0.310376
14859	0.375020
14868	0.306785
14877	0.260098
14886	0.260098
14895	0.082927
14904	0.062576
14913	0.042225
14922	-0.114595
14931	-0.053542
14941	-0.136142
14950	-0.195998
14959	-0.322890
14968	-0.218742
14978	-0.342044
14987	-0.411476
14996	-0.448586