#en la regla primer piso a 2.8V
0	0.232161
10	0.788813
19	0.852259
28	0.623613
36	0.983940
45	1.663894
55	0.705016
64	1.120410
73	1.789589
81	0.823529
91	1.216178
100	1.742902
109	1.061752
117	1.157520
126	1.632769
136	1.035416
145	1.203010
154	1.314340
163	0.690651
171	1.044993
181	1.674668
190	0.915706
199	1.054569
208	1.897328
217	1.091680
226	1.260471
235	1.724946
244	1.134775
253	1.314340
263	1.643543
271	0.938451
280	1.084497
289	1.133578
298	0.890567
308	0.804375
317	0.775645
325	0.610445
334	0.271665
343	0.083721
353	0.381799
362	0.216599
370	0.043019
379	-0.050355
388	0.384193
398	-0.369981
407	-0.404697
416	-0.064720
424	-0.452581
434	-0.806922
443	-0.577079
452	-0.962545
461	-1.075073
470	-1.035569
479	-1.137322
488	-1.172038
497	-1.437795
506	-1.367166
515	-1.066693
525	-1.371954
533	-1.130140
542	-1.023598
551	-1.620951
561	-1.211542
570	-1.004444
579	-1.343224
587	-1.336041
596	-0.881143
606	-1.515606
615	-1.327661
624	-1.193586
633	-1.752632
641	-1.883116
651	-1.442583
660	-1.421035
669	-1.328858
678	-1.195980
688	-1.225908
696	-0.889522
705	-0.897902
714	-0.731505
723	-0.349630
733	-0.439412
741	-0.119787
750	-0.138940
759	0.007106
768	0.384193
778	0.031048
787	-0.028807
795	0.317155
804	0.393770
813	0.057384
823	0.539816
832	1.054569
840	0.684665
849	0.462004
859	1.425671
868	1.262865
877	0.582912
886	1.565732
894	1.504679
904	0.775645
913	1.375392
922	1.208995
931	0.840288
940	1.231740
949	1.248500
958	1.104848
967	0.918100
976	1.027036
985	0.479961
994	1.388561
1003	1.216178
1012	1.017459
1021	1.544184
1031	1.639952
1040	1.013868
1049	1.599250
1058	1.334691
1066	1.158717
1076	1.636360
1085	1.289201
1094	1.017459
1103	1.207798
1112	1.034219
1122	0.872610
1130	0.821135
1139	0.664314
1148	0.554181
1158	0.117239
1167	0.216599
1176	0.349477
1185	0.167518
1194	-0.007259
1203	0.190263
1212	0.208219
1221	-0.559123
1230	-0.117392
1239	-0.162882
1249	-0.644117
1258	-0.811711
1267	-0.702775
1275	-1.109789
1284	-1.020006
1294	-1.046343
1303	-1.121760
1312	-1.383925
1321	-1.294142
1331	-1.191192
1340	-1.105000
1349	-1.269003
1357	-0.882340
1366	-1.243864
1376	-1.283368
1385	-1.002050
1394	-1.108592
1403	-1.260624
1412	-1.081058
1422	-1.052328
1430	-1.723902
1439	-1.219922
1448	-1.454554
1458	-1.931000
1467	-2.013600
1476	-1.430612
1485	-1.257032
1494	-1.304916
1504	-1.094227
1512	-1.101409
1521	-0.827273
1530	-0.800937
1539	-0.471734
1549	-0.451383
1558	-0.199992
1567	0.019077
1576	0.038231
1585	0.296805
1594	0.301593
1603	-0.107816
1612	0.224979
1621	0.436865
1631	0.195051
1640	0.365039
1649	0.822332
1657	0.825923
1666	0.709804
1676	1.025839
1685	1.370604
1694	0.846274
1703	1.077314
1713	1.657908
1721	1.064146
1730	1.015065
1739	1.537001
1748	0.919297
1758	1.049781
1767	1.333494
1776	1.085694
1785	0.886975
1793	1.396940
1803	0.775645
1812	0.594883
1821	1.702201
1830	1.132381
1840	0.866625
1849	2.056543
1857	1.220966
1866	1.065343
1875	1.730931
1885	1.206601
1894	1.356239
1903	1.639952
1912	1.217375
1921	0.896552
1930	1.147943
1939	1.066540
1948	0.669103
1957	0.603262
1966	0.815149
1976	0.137590
1985	0.020274
1993	0.313564
2002	0.168715
2012	-0.007259
2021	0.053793
2030	0.106466
2039	-0.386740
2048	-0.471734
2058	-0.250270
2066	-0.512436
2075	-0.711154
2084	-0.793754
2093	-0.952969
2103	-0.885931
2112	-1.228302
2121	-1.085847
2130	-1.049934
2140	-1.286960
2148	-1.456948
2157	-0.933815
2166	-1.503635
2175	-1.166053
2185	-0.826076
2194	-1.301325
2203	-1.462934
2212	-0.846427
2221	-1.415050
2230	-1.295339
2239	-0.958954
2248	-1.427021
2257	-1.411458
2267	-1.343224
2276	-1.605389
2285	-1.634119
2294	-1.476102
2303	-2.169223
2312	-1.081058
2321	-0.991276
2330	-1.312099
2339	-0.923041
2348	-0.423850
2358	-0.551940
2367	-0.524407
2376	-0.053946
2384	-0.198795
2393	0.082524
2403	0.136393
2412	0.422500
2421	0.075341
2430	0.185474
2440	0.484749
2449	0.277651
2457	0.277651
2466	0.809164
2475	0.877398
2485	0.866625
2494	0.934859
2503	1.231740
2512	0.898946
2520	1.129987
2530	1.303566
2539	1.149140
2548	1.220966
2557	1.124001
2567	1.143155
2576	0.946830
2585	0.879793
2593	1.224558
2602	1.010277
2612	0.896552
2621	1.449613
2630	1.074920
2639	1.025839
2648	1.367013
2658	1.365816
2666	1.466372
2675	1.356239
2684	1.742902
2694	1.402926
2703	1.437642
2712	1.401729
2721	1.302369
2730	1.036613
2739	1.365816
2748	0.986335
2757	0.954013
2766	0.906129
2775	0.585306
2785	0.266877
2794	0.557773
2803	0.094495
2811	-0.099436
2820	0.090903
2830	0.234555
2839	-0.199992
2848	0.027457
2857	-0.294563
2867	-0.296957
2875	-0.659679
2884	-0.459763
2893	-0.895508
2902	-0.675241
2912	-1.069087
2921	-0.939801
2930	-1.369560
2939	-1.240273
2948	-0.958954
2957	-1.286960
2966	-1.261821
2975	-0.889522
2984	-1.364771
2994	-1.301325
3003	-1.011627
3012	-1.063102
3021	-1.274989
3030	-0.918253
3039	-1.109789
3048	-1.737070
3057	-1.122957
3066	-1.126548
3075	-1.940577
3085	-1.084650
3094	-1.423429
3103	-1.962125
3112	-1.429415
3121	-1.163658
3130	-1.857977
3139	-1.351603
3148	-1.507226
3157	-1.118169
3167	-0.970925
3176	-0.443004
3185	-0.493282
3194	-0.342447
3202	-0.177247
3212	-0.085071
3221	0.234555
3230	0.264483
3239	0.500312
3249	0.119634
3258	0.349477
3267	0.541013
3275	-0.033595
3284	0.335112
3294	0.828317
3303	0.677483
3312	0.853456
3321	1.097665
3330	1.408911
3339	0.940845
3348	0.816346
3357	1.686639
3366	1.169491
3376	0.926480
3385	1.540592
3394	1.307158
3403	0.690651
3411	1.176674
3421	1.086891
3430	0.736141
3439	1.278427
3448	1.304764
3457	0.726564
3467	1.455598
3476	1.134775
3484	0.762477
3493	2.300751
3502	1.341874
3512	1.018656
3521	2.147522
3530	1.577702
3539	1.186250
3549	1.692624
3557	1.226952
3566	1.030627
3575	1.147943
3584	1.242514
3594	0.746914
3603	0.472778
3612	0.483552
3620	0.156744
3629	-0.211963
3639	0.263286
3648	0.059779
3657	-0.170065
3666	-0.077888
3676	0.076538
3685	-0.573488
3693	-0.314914
3702	-0.523210
3711	-0.633343
3721	-0.774601
3730	-0.674044
3739	-1.161264
3748	-0.583065
3757	-1.318085
3767	-1.357589
3775	-0.870369
3784	-1.099015
3793	-1.653273
3803	-0.662073
3812	-1.219922
3821	-1.552716
3830	-0.988882
3839	-1.195980
3849	-1.438992
3857	-0.848821
3866	-0.930224
3875	-1.586235
3884	-1.145702
3894	-1.406670
3903	-1.696368
3912	-1.127745
3921	-1.672426
3929	-1.693974
3939	-1.443780
3948	-1.534760
3957	-1.691580
3966	-1.176827
3976	-1.690383
3985	-1.777771
3994	-1.219922
4003	0.107663
4011	-1.151687
4021	-0.338856
4030	0.266877
4039	-0.273015
4048	-0.056340
4057	0.755294
4067	0.320747
4076	-0.231117
4084	0.811558
4093	0.394967
4103	-0.077888
4112	0.876201
4121	0.875004
4130	0.491932
4139	0.889369
4148	1.170688
4157	0.999503
4166	1.133578
4175	1.271245
4184	1.173082
4194	1.173082
4203	1.168294
4212	1.170688
4220	1.145549
4230	1.009080
4239	1.235332
4248	1.108439
4257	0.878596
4266	1.147943
4276	1.055766
4285	0.895355
4293	1.448415
4302	1.252091
4311	1.258077
4321	1.431656
4330	1.110833
4339	1.712975
4348	1.507073
4358	1.442430
4366	1.709383
4375	1.424474
4384	1.185053
4393	1.374195
4403	0.848668
4412	0.897749
4421	1.004291
4430	0.624810
4438	0.317155
4448	0.421303
4457	-0.168868
4466	0.021471
4475	0.220190
4484	0.064567
4494	-0.231117
4502	-0.012047
4511	-0.476523
4520	-0.328082
4530	-0.583065
4539	-0.591444
4548	-0.821288
4557	-0.793754
4566	-1.033174
4575	-0.767418
4584	-1.289354
4593	-1.121760
4602	-1.067890
4611	-1.409064
4621	-1.291748
4630	-0.929027
4639	-1.538351
4648	-0.946983
4657	-1.105000
4666	-1.370757
4675	-1.254638
4684	-0.930224
4693	-1.195980
4703	-1.333647
4712	-0.822485
4721	-1.698762
4730	-1.784954
4738	-1.195980
4748	-1.854386
4757	-1.679609
4766	-1.430612
4775	-1.535957
4785	-1.778968
4794	-1.069087
4803	-1.176827
4812	-1.401882
4820	-1.210345
4830	-0.873960
4839	-0.387937
4848	-0.403499
4857	-0.304140
4866	0.086115
4876	0.112451
4885	0.106466
4894	0.636781
4902	-0.047960
4912	0.211810
4921	0.675088
4930	0.008303
4939	0.387784
4948	1.021051
4958	0.550590
4966	0.937253
4975	1.242514
4984	1.126395
4993	1.005488
5003	1.187448
5012	1.399334
5021	1.124001
5030	1.157520
5038	1.400532
5048	1.061752
5057	1.018656
5066	1.350253
5075	0.933662
5085	0.786419
5094	1.133578
5103	0.965984
5111	1.006685
5120	1.288004
5130	1.285610
5139	1.150337
5148	1.656711
5157	0.889369
5166	1.048584
5175	2.069711
5184	1.201813
5193	1.375392
5202	2.069711
5212	1.152732
5221	1.323917
5230	1.515453
5239	0.914509
5247	1.164703
5257	0.851062
5266	0.538619
5275	0.360251
5284	0.087312
5293	0.017880
5303	0.138787
5312	-0.085071
5320	0.040625
5329	-0.109013
5339	-0.257453
5348	-0.530392
5357	-0.261044
5366	-0.803331
5375	-0.636934
5385	-0.864383
5393	-0.980502
5402	-0.958954
5411	-1.004444
5420	-1.309705
5430	-0.822485
5439	-1.527577
5448	-1.367166
5457	-0.897902
5465	-1.344421
5475	-1.383925
5484	-0.674044
5493	-1.551519
5502	-1.321676
5512	-0.891917
5521	-1.255835
5530	-1.303719
5539	-0.781783
5548	-1.367166
5557	-1.757420
5566	-1.160067
5575	-1.514409
5584	-1.825655
5593	-1.138519
5603	-1.644893
5612	-1.638908
5621	-1.392305
5630	-1.142111
5639	-1.342027
5648	-1.041554
5657	-1.395896
5666	-0.761433
5675	-0.116195
5685	-0.514830
5694	0.047808
5703	0.083721
5711	0.053793
5720	0.445245
5730	0.151955
5739	0.345886
5748	0.593686
5757	0.396164
5767	0.296805
5776	0.925282
5784	0.885778
5793	0.695439
5802	1.027036
5812	1.261668
5821	1.022248
5830	0.989926
5839	1.273639
5848	1.193433
5857	0.884581
5866	1.280821
5875	1.314340
5884	0.922888
5894	1.110833
5903	1.316735
5912	0.558970
5921	0.989926
5929	1.082103
5939	0.608051
5948	1.520242
5957	1.453204
5966	1.030627
5975	1.706989
5985	1.388561
5993	0.694242
6002	1.477146
6011	1.808743
6020	1.252091
6030	1.509468
6039	1.814728
6048	1.074920
6057	1.297581
6066	1.319129
6075	0.883384
6084	0.760083
6093	0.999503
6102	0.576926
6112	-0.100633
6121	0.040625
6129	0.453625
6138	-0.165276
6147	-0.125772
6157	0.272863
6166	-0.099436
6175	-0.705169
6184	-0.210766
6194	-0.484902
6203	-0.660876
6211	-0.718337
6220	-0.724322
6229	-0.980502
6239	-0.826076
6248	-1.251047
6257	-0.879946
6266	-1.163658
6275	-1.483284
6284	-1.228302
6293	-1.006838
6302	-1.646090
6311	-0.946983
6321	-0.987685
6330	-1.468919
6339	-1.245061
6348	-0.903888
6357	-1.569476
6366	-1.002050
6375	-1.053525
6384	-1.533563
6393	-1.441386
6402	-1.279777
6412	-1.737070
6421	-1.218725
6430	-1.315690
6439	-1.442583
6448	-1.260624
6457	-1.290551
6466	-1.022401
6475	-1.283368
6484	-1.053525
6494	-1.351603
6503	-0.696789
6512	-0.095845
6521	-0.325688
6529	-0.182036
6539	0.536225
6548	0.235752
6557	0.145970
6566	0.493129
6576	0.497918
6585	0.341097
6593	0.333915
6602	1.024642
6611	0.772054
6621	0.902538
6630	1.302369
6639	0.936056
6648	1.164703
6657	1.197024
6666	1.121607
6675	1.430459
6684	1.050978
6693	1.189842
6702	1.278427
6712	1.167097
6721	0.891764
6730	1.152732
6738	1.089285
6748	0.864230
6757	1.162308
6766	1.048584
6775	0.914509
6784	1.283216
6794	1.266456
6803	1.185053
6811	1.739311
6820	1.200616
6829	0.892961
6839	1.736917
6848	1.734523
6857	1.180265
6866	1.562140
6876	1.763253
6884	0.955210
6893	1.218572
6902	1.092877
6911	0.827120
6921	0.654738
6930	1.010277
6939	0.300396
6947	-0.101830
6956	0.434471
6966	0.260892
6975	-0.360404
6984	0.098086
6993	0.265680
7003	-0.541166
7012	-0.810514
7020	-0.013245
7029	-0.935012
7038	-0.805725
7048	-0.717140
7057	-1.025992
7066	-1.265412
7075	-0.915859
7084	-1.375545
7094	-1.055919
7102	-1.301325
7111	-1.385122
7120	-1.279777
7129	-1.134928
7139	-1.363574
7148	-1.000853
7157	-1.087044
7166	-1.316887
7176	-1.209148
7184	-1.130140
7193	-1.076270
7202	-1.133731
7211	-1.105000
7221	-1.257032
7230	-1.471313
7239	-1.544336
7248	-1.325267
7256	-1.436597
7266	-1.695171
7275	-1.101409
7284	-1.571870
7293	-1.344421
7303	-1.132534
7312	-1.279777
7321	-1.113380
7330	-0.958954
7338	-0.881143
7348	-0.033595
7357	-0.337659
7366	-0.208372
7375	0.380602
7384	0.305184
7394	-0.299352
7403	0.685862
7411	0.524254
7420	-0.143729
7430	0.736141
7439	0.967181
7448	0.448836
7457	1.195827
7466	1.217375
7476	0.817543
7484	1.368210
7493	1.280821
7502	0.994714
7511	1.367013
7521	1.453204
7530	0.908523
7539	1.220966
7548	1.305961
7556	0.679877
7566	1.157520
7575	1.194630
7584	0.817543
7593	1.013868
7603	1.125198
7612	0.779236
7621	1.266456
7629	1.303566
7638	1.258077
7648	1.533410
7657	1.381378
7666	1.031824
7675	1.242514
7684	1.891343
7694	0.973167
7702	1.358633
7711	1.668682
7720	0.889369
7730	0.824726
7739	1.140761
7748	0.604459
7757	0.363842
7765	0.630796
7775	0.377010
7784	-0.089859
7793	0.307578
7802	0.197445
7811	-0.240694
7821	0.027457
7830	0.210613
7838	-0.994867
7847	-0.317308
7857	-0.501662
7866	-0.979305
7875	-0.962545
7884	-0.603415
7893	-1.428218
7903	-1.113380
7912	-0.967334
7920	-1.321676
7929	-1.337238
7938	-0.836850
7948	-1.462934
7957	-1.320479
7966	-0.879946
7975	-1.217528
7985	-1.242667
7994	-0.851215
8002	-1.139716
8011	-1.346815
8020	-0.895508
8030	-1.156476
8039	-1.270200
8048	-1.143308
8057	-1.037963
8066	-1.729887
8075	-1.461737
8084	-1.308508
8093	-1.715522
8102	-1.327661
8112	-1.204360
8121	-1.306114
8130	-1.246258
8139	-0.958954
8148	-1.182812
8158	-0.583065
8166	-1.350406
8175	-0.829667
8184	0.045413
8193	-0.185627
8203	-0.320899
8212	0.519465
8221	0.496720
8230	-0.305337
8238	0.388981
8248	0.754097
8257	-0.061129
8266	0.854654
8275	1.003094
8285	0.541013
8294	1.407714
8302	1.305961
8311	0.904932
8320	1.612418
8330	1.326311
8339	0.993517
8348	1.534607
8357	1.305961
8366	0.920494
8375	1.249697
8384	1.262865
8393	0.409332
8402	1.253288
8412	1.199419
8421	0.618825
8430	1.358633
8439	1.010277
8447	0.877398
8457	1.394546
8466	1.211390
8475	1.246106
8484	1.692624
8493	1.575308
8503	1.283216
8512	1.059358
8520	1.674668
8529	1.515453
8539	0.763674
8548	1.620798
8557	1.284413
8566	0.878596
8575	1.055766
8585	1.085694
8593	0.361448
8602	0.554181
8611	0.588897
8620	0.203431
8630	-0.147320
8639	0.345886
8648	-0.241891
8657	0.051399
8665	-0.299352
8675	-0.680030
8684	-0.674044
8693	-0.402302
8702	-1.319282
8712	-0.773404
8721	-1.059511
8730	-1.381531
8738	-1.448568
8747	-0.961348
8757	-1.606586
8766	-1.191192
8775	-1.005641
8784	-1.365969
8793	-1.545534
8803	-0.578276
8812	-1.272595
8820	-1.186403
8829	-0.612992
8839	-1.233090
8848	-1.181615
8857	-0.933815
8866	-1.255835
8875	-1.271397
8885	-1.030780
8893	-1.245061
8902	-1.678412
8911	-1.331253
8920	-1.480890
8930	-1.597009
8939	-1.207951
8948	-1.099015
8957	-1.552716
8967	-0.712351
8975	-1.289354
8984	-0.859595
8993	-0.658482
9002	-0.899099
9012	-1.106198
9021	0.229767
9030	-0.149714
9039	-0.393923
9048	0.515874
9057	0.485946
9066	-0.086268
9075	0.414120
9084	0.715790
9094	0.112451
9103	0.817543
9112	1.216178
9121	0.855851
9129	1.462781
9139	1.254485
9148	1.023445
9157	1.462781
9166	1.220966
9175	1.059358
9185	1.493905
9194	1.112030
9202	0.795996
9211	1.243711
9220	0.883384
9230	0.749309
9239	1.248500
9248	0.773251
9257	0.786419
9266	1.187448
9275	0.734943
9284	0.762477
9293	1.278427
9302	1.047387
9312	1.481934
9321	1.620798
9330	1.443627
9338	1.285610
9347	0.968378
9357	1.548972
9366	1.431656
9375	0.809164
9384	1.525030
9394	1.444824
9403	0.726564
9411	1.121607
9420	0.939648
9429	0.240541
9439	0.426091
9448	0.754097
9457	0.278848
9466	0.004712
9474	0.065764
9484	0.148364
9493	0.033442
9502	-0.323294
9511	-0.586656
9521	-0.409485
9530	-0.717140
9539	-0.994867
9547	-0.785375
9556	-1.161264
9566	-1.303719
9575	-1.096621
9584	-1.122957
9593	-1.249850
9602	-1.192389
9612	-0.779389
9621	-1.418641
9630	-1.100212
9638	-0.932618
9648	-1.061905
9657	-1.149293
9666	-0.557925
9675	-1.198374
9684	-0.875157
9694	-1.105000
9703	-1.175629
9711	-1.206754
9720	-1.120563
9729	-1.301325
9739	-1.507226
9748	-1.447371
9757	-1.337238
9766	-1.468919
9776	-1.110986
9785	-1.174432
9794	-1.264215
9802	-0.784178
9811	-1.096621
9821	-0.749462
9830	-0.961348
9839	-1.152885
9848	-0.986487
9857	0.241738
9867	-0.316111
9876	-0.354418
9884	0.623613
9893	0.210613
9902	-0.162882
9912	0.661920
9921	0.606854
9930	0.149561
9939	1.112030
9948	0.994714
9957	0.840288
9966	1.491511
9975	1.236529
9984	1.228149
9994	1.516650
10003	1.185053
10012	1.242514
10021	1.446021
10030	1.065343
10039	0.834303
10048	1.128790
10057	0.778039
10066	0.806769
10076	1.118016
10085	0.804375
10094	1.064146
10103	1.061752
10112	0.816346
10122	1.101256
10131	1.304764
10140	1.240120
10148	1.535804
10157	1.663894
10167	1.465175
10176	1.229346
10185	1.316735
10194	1.716566
10204	0.884581
10213	1.031824
10222	1.493905
10231	1.107242
10240	0.816346
10250	1.067737
10259	0.855851
10267	0.396164
10276	0.494326
10285	0.544604
10295	0.242935
10304	0.147167
10313	0.007106
10322	0.373419
10332	-0.069508
10341	-0.493282
10350	-0.458566
10359	-0.445398
10368	-0.921844
10377	-0.897902
10386	-0.846427
10395	-1.307311
10404	-1.267806
10413	-1.108592
10423	-1.282171
10432	-1.397093
10441	-0.907479
10450	-1.180418
10460	-1.369560
10469	-0.715943
10478	-0.962545
10487	-0.990079
10496	-0.742279
10506	-0.802134
10515	-1.338435
10523	-0.936209
10532	-1.290551
10541	-1.166053
10551	-1.411458
10560	-1.133731
10569	-1.461737
10578	-1.592221
10588	-1.406670
10597	-1.483284
10606	-1.259426
10615	-1.240273
10624	-1.255835
10634	-1.174432
10643	-0.936209
10652	-0.939801
10661	-0.439412
10669	-0.913464
10679	-1.211542
10688	-0.355615
10697	0.207022
10706	-0.539969
10716	0.402149
10725	0.531436
10734	-0.416668
10743	0.333915
10752	0.810361
10762	0.019077
10771	0.681074
10780	1.235332
10788	0.869019
10797	1.407714
10807	1.417291
10816	1.137169
10825	1.583688
10834	1.459189
10844	0.954013
10853	1.564534
10862	1.377787
10871	0.709804
10880	1.060555
10890	1.090482
10899	0.647555
10907	0.876201
10916	0.983940
10925	0.614036
10935	1.083300
10944	1.055766
10953	0.894158
10962	1.260471
10972	1.393349
10981	1.280821
10990	1.501088
10999	1.529818
11008	1.116819
11017	1.030627
11026	1.435247
11035	1.426868
11044	0.786419
11053	1.338282
11063	1.382575
11072	0.846274
11081	0.837894
11090	0.993517
11100	0.524254
11109	0.424894
11118	0.527845
11127	0.448836
11135	0.027457
11145	0.093297
11154	0.199839
11163	0.118437
11172	-0.511239
11181	-0.347236
11191	-0.422653
11200	-0.750659
11209	-0.987685
11218	-0.781783
11228	-1.185206
11237	-1.278580
11246	-1.184009
11255	-1.187600
11263	-1.331253
11273	-1.204360
11282	-0.960151
11291	-1.191192
11300	-1.090635
11309	-0.568699
11319	-1.278580
11328	-0.803331
11337	-0.760236
11346	-1.093029
11356	-1.134928
11365	-0.976911
11374	-1.455751
11383	-1.011627
11392	-1.298931
11402	-1.272595
11410	-1.523986
11419	-1.449766
11428	-1.476102
11437	-1.389911
11447	-1.040357
11456	-1.407867
11465	-0.733899
11474	-1.069087
11484	-0.766221
11493	-0.647708
11502	-0.561517
11511	-1.401882
11520	-0.456172
11530	0.175897
11539	-0.300549
11547	-0.165276
11556	0.529042
11565	-0.112604
11575	0.020274
11584	0.734943
11593	0.093297
11602	0.453625
11612	1.259274
11621	0.834303
11630	1.056964
11639	1.558549
11648	1.124001
11658	1.495102
11666	1.560943
11675	1.216178
11684	1.315537
11693	1.493905
11703	0.904932
11712	0.904932
11721	1.323917
11730	0.597277
11740	0.714593
11749	1.050978
11758	0.693045
11767	0.693045
11775	1.041401
11785	0.847471
11794	1.086891
11803	1.487920
11812	1.173082
11821	1.541789
11831	1.644740
11840	1.273639
11849	0.908523
11858	1.149140
11868	1.663894
11877	0.918100
11886	1.283216
11894	1.383772
11903	0.965984
11913	0.742126
11922	0.926480
11931	0.605657
11940	0.530239
11949	0.497918
11959	0.614036
11968	0.132802
11977	0.053793
11986	-0.026413
11996	0.511086
12005	-0.441807
12013	-0.410682
12022	-0.498070
12031	-0.502859
12041	-1.188798
12050	-0.838047
12059	-1.189995
12068	-1.465328
12077	-1.458145
12087	-1.179221
12096	-1.634119
12105	-1.126548
12114	-1.060708
12124	-1.270200
12133	-1.395896
12142	-0.572291
12151	-1.206754
12159	-0.993670
12169	-0.415470
12178	-1.082256
12187	-1.259426
12196	-0.542363
12205	-1.477299
12215	-1.211542
12224	-0.900296
12233	-1.433006
12242	-1.658061
12252	-1.279777
12261	-1.508423
12270	-1.510818
12279	-0.823682
12288	-1.185206
12298	-1.167250
12306	-0.881143
12315	-0.754250
12324	-1.061905
12333	-0.859595
12343	-1.197177
12352	-0.408288
12361	-0.126969
12370	-0.346039
12380	-0.243088
12389	0.527845
12398	-0.035989
12407	-0.158094
12416	0.769659
12426	0.379405
12434	0.104071
12443	1.098862
12452	0.950422
12461	0.992320
12471	1.455598
12480	1.066540
12489	1.301172
12498	1.639952
12508	1.261668
12517	1.169491
12526	1.496300
12535	1.270048
12544	0.726564
12554	1.416094
12562	0.957604
12571	0.464399
12580	1.174279
12589	0.795996
12599	0.369828
12608	1.156323
12617	0.819938
12626	0.841485
12636	1.495102
12645	1.235332
12654	1.307158
12663	1.431656
12672	0.772054
12681	1.231740
12690	1.826700
12699	0.992320
12708	1.353845
12717	1.695018
12727	0.836697
12736	1.103651
12745	1.297581
12754	0.288425
12764	0.940845
12773	0.967181
12782	-0.030004
12791	0.254906
12799	0.885778
12809	-0.019230
12818	-0.020427
12827	0.749309
12836	0.034639
12845	-0.850018
12855	-0.073100
12864	-0.513633
12873	-1.054722
12882	-0.975714
12892	-0.924238
12901	-1.665244
12910	-1.246258
12918	-1.307311
12927	-1.407867
12937	-1.435400
12946	-1.121760
12955	-1.425824
12964	-0.992473
12973	-0.923041
12983	-0.920647
12992	-1.114577
13001	-0.665665
13010	-1.312099
13020	-0.791360
13029	-0.669256
13038	-1.184009
13047	-0.919450
13056	-1.248653
13065	-1.623345
13074	-1.353998
13083	-1.285763
13092	-1.717916
13101	-1.221119
13111	-1.498847
13120	-1.458145
13129	-1.103803
13138	-1.207951
13148	-1.557505
13157	-1.168447
13166	-0.757841
13175	-0.281395
13184	-0.435821
13194	-0.344841
13203	0.429683
13211	-0.330476
13220	0.251315
13229	0.398558
13239	-0.063523
13248	0.482355
13257	0.299199
13266	0.300396
13276	0.964787
13285	0.912114
13294	1.079709
13303	1.401729
13312	1.151535
13322	1.344268
13330	1.778815
13339	1.402926
13348	1.225755
13357	1.587279
13367	1.252091
13376	0.839091
13385	1.149140
13394	0.799587
13404	0.724170
13413	0.924085
13422	0.647555
13431	0.458413
13439	1.019853
13449	0.940845
13458	0.823529
13467	1.419685
13476	1.303566
13485	0.867822
13495	1.173082
13504	1.733326
13513	1.186250
13522	1.314340
13532	1.703398
13541	1.234135
13550	1.107242
13558	1.199419
13567	1.060555
13577	0.774448
13586	0.895355
13595	0.999503
13604	0.397361
13613	0.114845
13623	0.653541
13632	0.240541
13641	0.177094
13650	0.126816
13660	0.568546
13668	-0.228723
13677	-0.308928
13686	-0.311323
13695	-0.367586
13705	-1.051131
13714	-1.049934
13723	-1.225908
13732	-1.328858
13741	-1.310902
13751	-0.748264
13760	-1.677215
13769	-2.096200
13778	-1.204360
13788	-0.676438
13797	-1.685594
13806	-0.632146
13814	-1.144505
13823	-1.334844
13833	-0.159291
13842	-0.596233
13851	-1.612571
13860	-0.891917
13869	-0.854806
13879	-1.332450
13888	-1.136125
13897	-1.221119
13906	-1.951351
13916	-1.294142
13925	-1.037963
13934	-1.679609
13943	-1.427021
13952	-1.437795
13961	-1.355195
13970	-1.211542
13979	-1.152885
13988	-1.605389
13997	-0.415470
14007	-0.247876
14016	-0.632146
14025	0.118437
14034	0.296805
14044	-0.545954
14053	0.406938
14062	0.525451
14071	-0.004865
14080	0.396164
14090	0.403347
14098	0.445245
14107	0.918100
14116	0.980349
14125	1.134775
14135	1.478343
14144	1.238923
14153	1.384969
14162	1.701004
14172	1.333494
14181	1.007882
14190	1.672273
14199	1.477146
14207	0.626007
14217	1.405320
14226	0.848668
14235	0.368631
14244	1.003094
14253	0.586503
14263	0.499115
14272	1.082103
14281	0.740929
14290	0.884581
14300	1.438839
14309	1.090482
14317	0.827120
14326	1.823108
14335	1.645937
14345	1.161111
14354	2.079288
14363	1.466372
14372	0.889369
14381	1.516650
14391	0.920494
14400	0.713396
14409	1.133578
14418	0.843880
14428	0.466793
14436	0.321944
14445	0.136393
14454	0.326732
14463	0.069355
14473	0.178292
14482	0.057384
14491	0.041822
14500	-0.403499
14509	-0.365192
14519	-0.524407
14528	-0.596233
14537	-0.925435
14546	-0.879946
14555	-1.051131
14564	-1.279777
14573	-1.263018
14582	-1.168447
14591	-1.433006
14601	-1.456948
14610	-0.838047
14619	-1.342027
14628	-1.122957
14637	-0.343644
14647	-1.345618
14656	-0.833259
14665	-0.312520
14674	-1.071482
14684	-0.731505
14693	-0.489691
14701	-1.407867
14710	-1.405473
14719	-1.115774
14729	-1.780165
14738	-1.763406
14747	-1.361180
14756	-1.817276
14765	-2.036345
14775	-1.136125
14784	-1.495255
14793	-1.598206
14802	-1.223513
14812	-1.398290
14821	-0.446595
14830	-0.579473
14839	-0.416668
14848	-0.046763
14857	0.136393
14866	-0.045566
14875	0.415318
14884	0.375813
14893	0.208219
14903	0.493129
14912	0.502706
14921	0.448836
14930	0.785222
14940	0.970772
14949	0.886975
14958	1.200616
14966	1.341874
14975	1.262865
14985	1.353845
14994	1.429262
