# a 2.8V en el piso del piso 2
0	-1.546165
9	-1.488704
18	-1.572501
28	-1.480324
37	-1.487507
45	-1.561727
54	-1.456382
64	-1.476733
73	-1.535391
81	-1.406104
90	-1.398921
99	-1.383359
109	-1.208582
118	-1.128377
126	-1.111617
135	-0.922475
144	-0.814736
154	-0.740516
163	-0.552571
172	-0.453212
181	-0.436452
189	-0.173090
199	-0.016270
208	0.014855
217	0.261458
226	0.399124
235	0.397927
244	0.589463
253	0.624179
262	0.602631
271	0.769028
280	0.782196
289	0.758254
298	0.918666
307	0.937819
316	1.007251
326	1.215547
334	1.246672
343	1.386732
352	1.544750
362	1.551932
371	1.703964
380	1.796141
388	1.756637
397	1.875149
407	1.847616
416	1.747060
425	1.782973
434	1.659671
442	1.554326
452	1.535173
461	1.420251
470	1.391521
479	1.410674
487	1.313709
497	1.322089
506	1.323286
515	1.228715
524	1.247869
534	1.176043
542	1.029996
551	1.003660
560	0.882753
569	0.715159
579	0.618194
588	0.431446
596	0.224347
605	0.103440
614	-0.048592
624	-0.235339
633	-0.313151
642	-0.358641
650	-0.453212
659	-0.516658
669	-0.589681
678	-0.654325
687	-0.769246
696	-0.841072
705	-0.893745
714	-1.062536
723	-1.165487
732	-1.227736
741	-1.415681
751	-1.498281
759	-1.518631
768	-1.732912
777	-1.725730
786	-1.707773
796	-1.802344
805	-1.700591
813	-1.681437
822	-1.726927
832	-1.544968
841	-1.542573
850	-1.567713
859	-1.390542
867	-1.440820
877	-1.458776
886	-1.336672
895	-1.403710
904	-1.410892
913	-1.299562
922	-1.364205
931	-1.311533
940	-1.151121
949	-1.154713
958	-1.105632
968	-0.903322
977	-0.861423
985	-0.735727
994	-0.519052
1004	-0.496307
1013	-0.347867
1022	-0.024650
1031	0.034008
1039	0.195617
1049	0.456585
1058	0.443417
1067	0.571507
1076	0.752269
1085	0.652909
1095	0.743889
1104	0.819307
1112	0.735509
1121	0.856417
1131	0.885147
1140	0.867191
1149	1.050347
1158	1.132947
1167	1.251460
1177	1.480106
1185	1.527990
1194	1.665657
1203	1.829660
1212	1.798535
1222	1.900289
1231	1.950567
1240	1.845222
1249	1.829660
1258	1.750651
1267	1.571086
1276	1.553129
1285	1.414266
1294	1.295753
1304	1.299344
1313	1.220335
1322	1.233503
1330	1.280190
1339	1.223927
1349	1.225124
1358	1.238292
1367	1.135341
1376	1.099428
1386	1.014434
1395	0.824095
1403	0.729524
1412	0.555944
1421	0.302159
1431	0.162098
1440	-0.040212
1449	-0.248507
1458	-0.367020
1467	-0.430467
1476	-0.523841
1485	-0.594470
1494	-0.655522
1503	-0.718968
1512	-0.766852
1522	-0.829101
1531	-0.871000
1540	-0.985922
1549	-1.085281
1558	-1.151121
1567	-1.285197
1576	-1.384556
1585	-1.461171
1594	-1.603626
1604	-1.706576
1613	-1.737701
1622	-1.816709
1631	-1.814315
1639	-1.779599
1649	-1.822695
1658	-1.693408
1667	-1.619188
1676	-1.633553
1686	-1.486310
1695	-1.432440
1704	-1.440820
1713	-1.306745
1721	-1.311533
1731	-1.340263
1740	-1.249284
1749	-1.258861
1758	-1.238510
1767	-1.137953
1777	-1.129574
1786	-1.098449
1795	-0.978739
1803	-0.918884
1813	-0.811145
1822	-0.625594
1831	-0.568133
1840	-0.418496
1849	-0.114432
1859	0.013658
1868	0.194420
1876	0.456585
1885	0.491301
1894	0.624179
1904	0.783393
1913	0.743889
1922	0.820504
1931	0.881556
1941	0.796562
1949	0.865993
1958	0.881556
1967	0.867191
1976	1.004857
1986	1.062318
1995	1.174845
2004	1.379550
2012	1.450179
2021	1.609393
2031	1.784170
2040	1.811703
2049	1.948173
2058	2.006831
2067	1.919442
2077	1.906274
2085	1.832054
2094	1.648897
2103	1.584254
2113	1.434616
2122	1.306527
2131	1.299344
2140	1.204773
2149	1.171254
2158	1.210759
2167	1.162874
2176	1.173648
2185	1.197590
2194	1.089851
2204	1.085063
2213	1.033588
2222	0.868388
2231	0.776211
2240	0.590660
2249	0.354831
2258	0.206391
2267	0.012461
2276	-0.209003
2286	-0.343078
2295	-0.423284
2304	-0.537009
2312	-0.601652
2321	-0.677070
2331	-0.739319
2340	-0.802765
2349	-0.861423
2358	-0.910504
2368	-0.997893
2377	-1.087675
2385	-1.155910
2394	-1.264846
2403	-1.391739
2413	-1.449200
2422	-1.583275
2431	-1.705379
2440	-1.704182
2449	-1.779599
2459	-1.807133
2467	-1.773614
2476	-1.805936
2485	-1.728124
2494	-1.616794
2504	-1.658692
2513	-1.519829
2522	-1.440820
2531	-1.464762
2541	-1.358220
2549	-1.304350
2558	-1.318716
2567	-1.238510
2576	-1.209779
2586	-1.197808
2595	-1.127179
2604	-1.093661
2613	-1.082887
2622	-0.975148
2631	-0.888956
2640	-0.813539
2649	-0.659113
2658	-0.578907
2668	-0.440044
2677	-0.152739
2686	-0.016270
2695	0.157310
2703	0.433840
2713	0.505666
2722	0.611011
2731	0.785788
2740	0.753466
2749	0.797759
2759	0.881556
2768	0.830080
2776	0.875570
2785	0.913877
2795	0.880359
2804	1.000069
2813	1.082669
2822	1.150903
2831	1.359199
2840	1.439405
2849	1.583057
2858	1.763819
2867	1.802126
2876	1.903880
2886	1.994859
2895	1.902683
2904	1.921836
2912	1.858390
2922	1.675234
2931	1.603408
2940	1.462150
2949	1.320892
2958	1.306527
2968	1.219138
2977	1.186816
2985	1.221532
2994	1.167663
3003	1.165269
3013	1.186816
3022	1.095837
3031	1.076683
3040	1.010843
3050	0.867191
3058	0.782196
3067	0.637347
3076	0.395533
3085	0.241107
3095	0.053162
3104	-0.203018
3113	-0.311954
3122	-0.380189
3130	-0.510672
3140	-0.584893
3149	-0.662704
3158	-0.729742
3167	-0.807554
3176	-0.876985
3186	-0.922475
3195	-0.989513
3204	-1.100843
3212	-1.173866
3222	-1.280408
3231	-1.421666
3240	-1.456382
3249	-1.597640
3258	-1.723336
3268	-1.717350
3277	-1.771220
3286	-1.797556
3294	-1.752066
3303	-1.784388
3313	-1.682634
3322	-1.586866
3331	-1.625173
3340	-1.491098
3350	-1.448002
3359	-1.461171
3368	-1.337869
3376	-1.322307
3385	-1.361811
3395	-1.246890
3404	-1.256466
3413	-1.242101
3422	-1.145136
3431	-1.121194
3441	-1.111617
3450	-0.976345
3458	-0.890153
3467	-0.791991
3477	-0.629185
3486	-0.531023
3495	-0.410116
3504	-0.112038
3513	0.007672
3523	0.147733
3531	0.415884
3540	0.508060
3549	0.607420
3558	0.792970
3568	0.734312
3577	0.797759
3586	0.856417
3595	0.782196
3603	0.826489
3613	0.867191
3622	0.836066
3631	0.978521
3640	1.088654
3650	1.162874
3659	1.379550
3667	1.477712
3676	1.601013
3685	1.804520
3695	1.830857
3704	1.907471
3713	1.992465
3722	1.902683
3731	1.894303
3740	1.829660
3749	1.650094
3758	1.568692
3767	1.411871
3777	1.288570
3786	1.294556
3795	1.232306
3804	1.190408
3812	1.219138
3822	1.179634
3831	1.178437
3840	1.204773
3849	1.122173
3858	1.057530
3868	1.022814
3877	0.863599
3885	0.760649
3894	0.624179
3904	0.366802
3913	0.218362
3922	0.042388
3931	-0.229354
3940	-0.315545
3950	-0.406525
3958	-0.517855
3967	-0.598061
3976	-0.643551
3985	-0.716574
3995	-0.757275
4004	-0.844664
4013	-0.888956
4022	-0.947614
4032	-1.072113
4040	-1.139150
4049	-1.261255
4058	-1.425258
4067	-1.470747
4077	-1.594049
4086	-1.738898
4095	-1.768826
4104	-1.831075
4113	-1.849031
4122	-1.755657
4131	-1.802344
4140	-1.713759
4149	-1.577289
4158	-1.584472
4168	-1.463565
4177	-1.388147
4186	-1.425258
4195	-1.301956
4204	-1.270832
4213	-1.312730
4222	-1.255269
4231	-1.243298
4240	-1.268437
4250	-1.182246
4259	-1.175063
4268	-1.149924
4277	-1.021834
4285	-0.942826
4295	-0.827904
4304	-0.651930
4313	-0.568133
4322	-0.398145
4332	-0.090490
4341	0.030417
4350	0.166887
4358	0.469753
4367	0.534397
4377	0.620588
4386	0.801350
4395	0.736707
4404	0.777408
4413	0.843249
4422	0.735509
4431	0.813321
4440	0.844446
4449	0.802547
4459	0.961761
4468	1.031193
4477	1.117385
4486	1.385535
4494	1.481303
4504	1.610590
4513	1.840434
4522	1.852405
4531	1.958946
4540	2.019999
4550	1.911063
4559	1.908668
4567	1.822477
4576	1.639321
4586	1.569889
4595	1.378353
4604	1.252657
4613	1.257445
4622	1.177240
4632	1.162874
4640	1.223927
4649	1.171254
4658	1.223927
4667	1.251460
4677	1.150903
4686	1.136538
4695	1.062318
4704	0.895921
4714	0.821701
4722	0.644530
4731	0.379971
4740	0.203997
4749	0.020840
4759	-0.240128
4768	-0.389765
4777	-0.480745
4786	-0.566936
4794	-0.610032
4804	-0.681858
4813	-0.733333
4822	-0.752487
4831	-0.818327
4840	-0.853043
4850	-0.902124
4859	-1.001484
4867	-1.085281
4876	-1.214568
4886	-1.388147
4895	-1.462368
4904	-1.612005
4913	-1.754460
4922	-1.796359
4932	-1.888536
4941	-1.864594
4949	-1.835863
4958	-1.858608
4967	-1.748475
4977	-1.617991
4986	-1.595246
4995	-1.452791
5004	-1.377374
5014	-1.391739
5023	-1.285197
5031	-1.264846
5040	-1.299562
5049	-1.260058
5059	-1.250481
5068	-1.267240
5077	-1.219356
5086	-1.218159
5095	-1.202597
5105	-1.116405
5113	-1.035003
5122	-0.897336
5131	-0.712983
5141	-0.618412
5150	-0.412510
5159	-0.108447
5168	0.022037
5177	0.198011
5186	0.499681
5195	0.567915
5204	0.700794
5213	0.825292
5222	0.782196
5232	0.801350
5241	0.839657
5250	0.749875
5258	0.785788
5267	0.788182
5277	0.776211
5286	0.897118
5295	0.991689
5304	1.125764
5314	1.346031
5323	1.456164
5331	1.632138
5340	1.850010
5349	1.909865
5359	2.036758
5368	2.063094
5377	1.975706
5386	1.949370
5395	1.836842
5404	1.639321
5413	1.549538
5422	1.410674
5431	1.282585
5441	1.256248
5450	1.186816
5459	1.160480
5468	1.202379
5476	1.214350
5486	1.227518
5495	1.245474
5504	1.198787
5513	1.159283
5522	1.101822
5532	0.946199
5541	0.840854
5549	0.673260
5558	0.435037
5568	0.233924
5577	0.060345
5586	-0.165907
5595	-0.329910
5604	-0.474760
5614	-0.558557
5622	-0.610032
5631	-0.679464
5640	-0.746501
5649	-0.754881
5659	-0.844664
5668	-0.892548
5677	-0.909307
5686	-1.015849
5694	-1.118800
5704	-1.195414
5713	-1.372585
5722	-1.489901
5731	-1.610808
5741	-1.760446
5750	-1.768826
5759	-1.820301
5768	-1.874170
5777	-1.816709
5786	-1.807133
5795	-1.750869
5804	-1.659889
5813	-1.623976
5822	-1.524617
5832	-1.439623
5841	-1.442017
5850	-1.333081
5859	-1.330687
5868	-1.355826
5877	-1.291182
5886	-1.278014
5895	-1.294774
5904	-1.212174
5914	-1.176261
5923	-1.172669
5932	-1.079295
5941	-0.964374
5949	-0.873394
5959	-0.690238
5968	-0.562148
5977	-0.435255
5986	-0.186258
5996	0.004081
6005	0.108229
6014	0.370394
6022	0.514046
6031	0.567915
6041	0.747480
6050	0.759451
6059	0.758254
6068	0.858811
6077	0.785788
6086	0.767831
6095	0.868388
6104	0.830080
6113	0.913877
6123	1.073092
6132	1.140130
6141	1.298147
6150	1.482500
6158	1.559115
6168	1.753045
6177	1.885923
6186	1.925428
6195	2.018802
6204	1.998451
6214	1.923033
6223	1.867967
6231	1.707555
6240	1.598619
6250	1.516019
6259	1.367579
6268	1.331666
6277	1.286176
6286	1.217941
6296	1.261037
6305	1.223927
6313	1.177240
6322	1.193999
6331	1.131750
6341	1.073092
6350	1.044361
6359	0.934228
6368	0.777408
6378	0.668472
6386	0.443417
6395	0.255472
6404	0.099849
6413	-0.077322
6423	-0.264070
6432	-0.388568
6441	-0.475957
6450	-0.557359
6458	-0.650733
6468	-0.740516
6477	-0.756078
6486	-0.855438
6495	-0.921278
6504	-0.950008
6514	-1.072113
6523	-1.159501
6532	-1.256466
6540	-1.389345
6550	-1.465959
6559	-1.606020
6568	-1.704182
6577	-1.699394
6586	-1.762840
6596	-1.805936
6605	-1.750869
6614	-1.770023
6622	-1.693408
6631	-1.637144
6641	-1.633553
6650	-1.541376
6659	-1.495887
6668	-1.481521
6678	-1.396527
6687	-1.407301
6696	-1.391739
6704	-1.341460
6713	-1.330687
6723	-1.274423
6732	-1.184640
6741	-1.154713
6750	-1.105632
6759	-1.001484
6769	-0.934446
6778	-0.808751
6786	-0.622003
6795	-0.553768
6805	-0.446029
6814	-0.198229
6823	-0.052183
6832	0.068724
6841	0.291385
6851	0.435037
6859	0.527214
6868	0.713962
6877	0.745086
6886	0.786985
6896	0.855220
6905	0.794167
6914	0.822898
6922	0.901906
6931	0.899512
6941	0.994083
6950	1.116188
6959	1.170057
6968	1.328074
6978	1.483697
6987	1.545947
6995	1.727906
7004	1.803323
7013	1.848813
7023	1.937399
7032	1.903880
7041	1.852405
7050	1.818886
7059	1.686007
7068	1.616576
7077	1.578269
7086	1.452573
7095	1.427434
7105	1.366382
7114	1.298147
7123	1.273008
7132	1.226321
7141	1.170057
7150	1.150903
7159	1.085063
7168	1.004857
7177	0.989295
7186	0.851628
7196	0.725933
7205	0.618194
7214	0.436234
7222	0.248289
7232	0.105834
7241	-0.033029
7250	-0.252099
7259	-0.376597
7268	-0.436452
7278	-0.520249
7287	-0.612426
7295	-0.668690
7304	-0.728545
7313	-0.831496
7323	-0.905716
7332	-0.981133
7341	-1.106829
7350	-1.185837
7360	-1.315124
7369	-1.420469
7377	-1.504266
7386	-1.634750
7395	-1.675452
7405	-1.696999
7414	-1.755657
7423	-1.741292
7432	-1.718547
7441	-1.731715
7451	-1.659889
7459	-1.628765
7468	-1.591655
7477	-1.519829
7486	-1.506660
7496	-1.468353
7505	-1.414484
7514	-1.437229
7523	-1.396527
7533	-1.374979
7541	-1.380965
7550	-1.295971
7559	-1.206188
7568	-1.177458
7578	-1.056550
7587	-0.955994
7596	-0.892548
7605	-0.734530
7614	-0.581301
7623	-0.540600
7632	-0.395751
7641	-0.183864
7650	-0.061760
7660	0.078301
7669	0.279414
7678	0.396730
7686	0.515243
7695	0.638544
7705	0.662486
7714	0.729524
7723	0.789379
7732	0.773817
7741	0.840854
7751	0.883950
7759	0.901906
7768	1.047953
7777	1.143721
7787	1.203576
7796	1.358002
7805	1.465741
7814	1.550735
7823	1.743468
7832	1.787761
7841	1.851207
7850	1.878741
7859	1.857193
7868	1.816491
7878	1.755439
7887	1.648897
7896	1.593831
7904	1.533976
7914	1.459755
7923	1.438208
7932	1.367579
7941	1.332863
7950	1.308921
7960	1.267022
7969	1.213153
7978	1.155692
7986	1.082669
7995	1.024011
8005	0.955776
8014	0.819307
8023	0.693611
8032	0.567915
8042	0.379971
8051	0.206391
8059	0.096258
8068	-0.070139
8077	-0.266464
8087	-0.352655
8096	-0.378991
8105	-0.507081
8114	-0.587287
8123	-0.608835
8132	-0.720165
8141	-0.851846
8150	-0.885365
8159	-0.979936
8168	-1.124785
8178	-1.173866
8187	-1.316321
8196	-1.464762
8205	-1.511449
8214	-1.668269
8223	-1.725730
8232	-1.675452
8241	-1.761643
8250	-1.762840
8260	-1.667072
8269	-1.691014
8278	-1.632356
8287	-1.548559
8295	-1.579684
8305	-1.501872
8314	-1.450397
8323	-1.487507
8332	-1.407301
8342	-1.407301
8351	-1.421666
8360	-1.358220
8369	-1.341460
8377	-1.298365
8387	-1.178655
8396	-1.159501
8405	-1.108026
8414	-0.979936
8423	-0.881774
8433	-0.768049
8442	-0.581301
8450	-0.516658
8459	-0.414904
8469	-0.163513
8478	-0.009087
8487	0.078301
8496	0.315327
8505	0.415884
8515	0.500878
8523	0.674457
8532	0.670866
8541	0.716356
8550	0.794167
8560	0.736707
8569	0.819307
8578	0.886344
8587	0.877964
8595	1.034785
8605	1.134144
8614	1.180831
8623	1.399900
8632	1.490880
8642	1.563903
8651	1.780578
8660	1.793747
8668	1.854799
8677	1.936202
8687	1.836842
8696	1.796141
8705	1.771002
8714	1.628547
8723	1.610590
8733	1.535173
8741	1.428631
8750	1.438208
8759	1.369973
8769	1.328074
8778	1.340045
8787	1.235898
8796	1.183225
8805	1.160480
8814	1.059924
8823	1.008448
8832	0.967747
8841	0.804941
8850	0.694808
8860	0.581083
8869	0.360817
8878	0.220756
8886	0.102243
8896	-0.088096
8905	-0.236536
8914	-0.315545
8923	-0.399342
8932	-0.501096
8942	-0.570528
8951	-0.647142
8959	-0.758472
8968	-0.847058
8977	-0.912898
8987	-1.007469
8996	-1.145136
9005	-1.200203
9014	-1.335475
9024	-1.465959
9033	-1.523420
9041	-1.626371
9050	-1.641933
9059	-1.645524
9069	-1.725730
9078	-1.704182
9087	-1.634750
9096	-1.676649
9105	-1.607217
9115	-1.540179
9123	-1.589260
9132	-1.504266
9141	-1.451594
9150	-1.499478
9160	-1.419272
9169	-1.408498
9178	-1.425258
9187	-1.335475
9197	-1.312730
9205	-1.286394
9214	-1.151121
9223	-1.128377
9232	-1.072113
9242	-0.942826
9251	-0.865014
9260	-0.732136
9269	-0.563345
9278	-0.520249
9287	-0.386174
9296	-0.140768
9305	-0.035423
9314	0.066330
9324	0.299765
9333	0.394336
9342	0.490104
9351	0.651712
9359	0.684034
9369	0.742692
9378	0.800153
9387	0.773817
9396	0.834869
9405	0.910286
9415	0.919863
9423	1.047953
9432	1.112596
9441	1.172451
9451	1.380747
9460	1.470529
9469	1.559115
9478	1.750651
9487	1.762622
9496	1.835645
9505	1.901486
9514	1.820083
9523	1.798535
9532	1.733892
9542	1.615379
9551	1.608196
9560	1.545947
9569	1.445390
9578	1.444193
9587	1.379550
9596	1.307724
9605	1.299344
9614	1.182028
9624	1.128159
9633	1.094640
9642	0.983309
9650	0.965353
9659	0.900709
9669	0.741495
9678	0.649318
9687	0.530805
9696	0.358423
9706	0.227939
9715	0.097455
9723	-0.125206
9732	-0.230551
9741	-0.286815
9751	-0.406525
9760	-0.496307
9769	-0.594470
9778	-0.695026
9787	-0.806356
9796	-0.910504
9805	-0.976345
9814	-1.072113
9823	-1.197808
9832	-1.254072
9842	-1.367797
9851	-1.498281
9860	-1.542573
9869	-1.606020
9878	-1.632356
9887	-1.629962
9896	-1.629962
9905	-1.616794
9914	-1.606020
9924	-1.638341
9933	-1.579684
9942	-1.548559
9951	-1.550953
9959	-1.476733
9969	-1.507858
9978	-1.506660
9987	-1.444411
9996	-1.452791
10006	-1.442017
10015	-1.325898
10024	-1.313927
10033	-1.206188
10042	-1.110420
10052	-1.075704
10060	-1.011061
10069	-0.874591
10078	-0.796780
10087	-0.669887
10097	-0.546585
10106	-0.467577
10115	-0.314348
10124	-0.090490
10134	-0.022255
10143	0.116608
10152	0.334481
10161	0.395533
10170	0.508060
10179	0.664880
10188	0.644530
10197	0.729524
10206	0.803744
10215	0.772620
10225	0.880359
10234	0.971338
10243	0.986901
10252	1.119779
10262	1.201182
10271	1.264628
10280	1.444193
10289	1.498063
10298	1.596225
10307	1.713541
10316	1.725512
10325	1.788958
10334	1.809309
10343	1.731497
10353	1.744666
10362	1.717132
10371	1.644109
10380	1.652489
10390	1.548341
10399	1.466938
10408	1.460953
10417	1.343637
10426	1.289767
10435	1.216744
10444	1.109005
10453	1.071895
10462	1.025208
10471	0.925848
10481	0.874373
10490	0.776211
10499	0.622982
10508	0.559536
10518	0.411095
10527	0.250684
10536	0.175266
10545	0.014855
10553	-0.143163
10563	-0.219777
10572	-0.320333
10581	-0.430467
10590	-0.531023
10599	-0.632777
10609	-0.760867
10618	-0.892548
10627	-0.987119
10636	-1.073310
10646	-1.209779
10655	-1.261255
10664	-1.357023
10673	-1.512646
10682	-1.536588
10692	-1.540179
10701	-1.601231
10709	-1.601231
10718	-1.554544
10727	-1.583275
10737	-1.530602
10746	-1.537785
10755	-1.550953
10764	-1.510252
10774	-1.537785
10783	-1.523420
10792	-1.495887
10801	-1.536588
10810	-1.504266
10820	-1.476733
10829	-1.480324
10838	-1.376176
10847	-1.291182
10856	-1.239707
10865	-1.114011
10874	-1.029017
10883	-0.967965
10892	-0.827904
10902	-0.718968
10911	-0.638762
10920	-0.505884
10929	-0.434058
10938	-0.351458
10948	-0.107250
10957	-0.024650
10966	0.063936
10975	0.285400
10983	0.336875
10993	0.409898
11002	0.616996
11011	0.583478
11020	0.633756
11030	0.797759
11039	0.760649
11048	0.870782
11057	1.018025
11066	0.978521
11076	1.113793
11085	1.215547
11094	1.207167
11102	1.413069
11111	1.486092
11121	1.527990
11130	1.687205
11139	1.678825
11148	1.694387
11158	1.781776
11167	1.664460
11176	1.689599
11185	1.709950
11194	1.579466
11204	1.629744
11213	1.563903
11222	1.457361
11230	1.504048
11239	1.405886
11249	1.275402
11258	1.252657
11267	1.104217
11276	1.047953
11286	1.038376
11295	0.887541
11304	0.846840
11313	0.777408
11322	0.584675
11332	0.539185
11341	0.425460
11349	0.235121
11358	0.171675
11367	0.048374
11377	-0.127600
11386	-0.209003
11395	-0.291603
11404	-0.393357
11414	-0.463986
11423	-0.589681
11432	-0.746501
11441	-0.856635
11450	-0.951206
11460	-1.020637
11469	-1.146333
11478	-1.257663
11486	-1.321110
11495	-1.463565
11505	-1.513843
11514	-1.479127
11523	-1.561727
11532	-1.564121
11542	-1.505463
11551	-1.560530
11560	-1.516237
11569	-1.493492
11578	-1.546165
11588	-1.510252
11597	-1.497084
11606	-1.550953
11615	-1.488704
11624	-1.522223
11634	-1.519829
11642	-1.438426
11651	-1.426455
11660	-1.392936
11670	-1.252875
11679	-1.209779
11688	-1.121194
11697	-1.009863
11706	-0.973951
11716	-0.868606
11725	-0.692632
11734	-0.637565
11743	-0.516658
11752	-0.425678
11762	-0.357444
11771	-0.147951
11780	-0.043803
11788	0.005278
11798	0.230333
11807	0.314130
11816	0.387153
11825	0.582281
11834	0.587069
11844	0.654107
11853	0.804941
11862	0.772620
11871	0.854022
11880	1.008448
11890	0.958170
11898	1.111399
11907	1.215547
11916	1.203576
11926	1.397506
11935	1.481303
11944	1.496866
11953	1.656080
11962	1.654883
11972	1.657277
11981	1.749454
11990	1.645306
11999	1.668051
12008	1.713541
12018	1.610590
12026	1.635729
12035	1.591437
12044	1.480106
12054	1.477712
12063	1.378353
12072	1.261037
12081	1.234701
12090	1.113793
12100	1.025208
12109	1.018025
12118	0.885147
12127	0.803744
12136	0.758254
12145	0.581083
12154	0.523623
12163	0.450600
12172	0.265049
12182	0.207588
12191	0.074710
12200	-0.106052
12209	-0.189849
12218	-0.268858
12228	-0.405328
12237	-0.497504
12246	-0.596864
12255	-0.752487
12263	-0.886562
12273	-0.977542
12282	-1.070916
12291	-1.181049
12300	-1.242101
12310	-1.313927
12319	-1.448002
12328	-1.418075
12337	-1.459973
12346	-1.552150
12356	-1.499478
12365	-1.486310
12374	-1.573698
12383	-1.493492
12392	-1.524617
12402	-1.582078
12411	-1.497084
12419	-1.523420
12428	-1.577289
12438	-1.480324
12447	-1.532997
12456	-1.513843
12465	-1.390542
12474	-1.431243
12484	-1.333081
12493	-1.196611
12502	-1.172669
12511	-1.051762
12520	-0.936840
12530	-0.926066
12539	-0.787203
12548	-0.665099
12557	-0.665099
12566	-0.534614
12575	-0.444832
12584	-0.432861
12593	-0.167105
12602	-0.095279
12612	-0.033029
12621	0.231530
12630	0.291385
12639	0.370394
12648	0.605025
12658	0.611011
12667	0.699596
12676	0.839657
12685	0.797759
12694	0.911483
12703	1.016828
12712	0.946199
12721	1.095837
12730	1.171254
12740	1.138932
12749	1.365185
12758	1.378353
12767	1.427434
12776	1.608196
12786	1.592634
12795	1.628547
12804	1.737483
12813	1.657277
12822	1.729103
12831	1.757834
12840	1.644109
12849	1.686007
12858	1.624955
12868	1.475318
12877	1.482500
12886	1.320892
12895	1.177240
12904	1.173648
12914	1.013237
12923	0.933031
12932	0.948593
12940	0.800153
12950	0.771422
12959	0.754663
12968	0.572704
12977	0.570310
12986	0.475739
12996	0.288991
13005	0.257866
13014	0.132171
13023	-0.061760
13032	-0.112038
13042	-0.241325
13051	-0.418496
13059	-0.501096
13068	-0.635171
13078	-0.832693
13087	-0.891351
13096	-1.003878
13105	-1.164290
13114	-1.227736
13124	-1.316321
13133	-1.377374
13142	-1.379768
13151	-1.379768
13160	-1.428849
13170	-1.426455
13179	-1.394133
13188	-1.452791
13197	-1.457579
13207	-1.432440
13216	-1.516237
13224	-1.511449
13233	-1.481521
13242	-1.574895
13252	-1.570107
13261	-1.530602
13270	-1.595246
13279	-1.510252
13288	-1.424060
13298	-1.426455
13307	-1.262452
13316	-1.181049
13325	-1.117603
13335	-0.961979
13344	-0.888956
13353	-0.861423
13362	-0.706997
13370	-0.636368
13380	-0.625594
13389	-0.472365
13398	-0.466380
13407	-0.412510
13416	-0.158725
13426	-0.153936
13435	-0.061760
13444	0.235121
13453	0.265049
13463	0.384759
13472	0.588266
13481	0.575098
13490	0.709173
13498	0.860008
13508	0.834869
13517	0.982112
13526	1.010843
13535	0.995280
13544	1.162874
13554	1.167663
13563	1.197590
13572	1.356805
13581	1.316103
13591	1.405886
13600	1.543552
13608	1.504048
13617	1.609393
13626	1.658474
13636	1.598619
13645	1.708753
13654	1.731497
13663	1.651292
13672	1.705161
13682	1.593831
13691	1.499260
13700	1.493274
13709	1.304132
13719	1.209561
13728	1.165269
13737	0.949790
13745	0.942608
13754	0.865993
13764	0.721144
13773	0.727130
13782	0.632559
13791	0.518834
13800	0.541579
13810	0.425460
13819	0.279414
13828	0.288991
13837	0.097455
13847	-0.066548
13856	-0.028241
13864	-0.212594
13873	-0.392160
13882	-0.461591
13892	-0.662704
13901	-0.831496
13910	-0.905716
13919	-1.068521
13928	-1.208582
13938	-1.248087
13947	-1.345052
13956	-1.366600
13965	-1.353431
13975	-1.398921
13984	-1.370191
13993	-1.327095
14002	-1.361811
14010	-1.372585
14020	-1.337869
14029	-1.410892
14038	-1.445608
14047	-1.444411
14056	-1.501872
14066	-1.564121
14075	-1.547362
14084	-1.582078
14093	-1.574895
14103	-1.503069
14112	-1.465959
14121	-1.377374
14130	-1.254072
14139	-1.184640
14149	-1.023032
14158	-0.898533
14166	-0.863817
14175	-0.763261
14184	-0.633974
14194	-0.613623
14203	-0.559754
14212	-0.465183
14221	-0.495110
14231	-0.350261
14240	-0.181470
14249	-0.199426
14258	-0.035423
14267	0.187237
14277	0.171675
14286	0.379971
14295	0.553550
14303	0.573901
14312	0.779802
14322	0.870782
14331	0.849234
14340	1.000069
14349	1.021617
14359	1.013237
14368	1.190408
14377	1.159283
14386	1.209561
14395	1.319695
14405	1.282585
14414	1.380747
14422	1.465741
14431	1.411871
14440	1.573480
14450	1.627350
14459	1.611787
14468	1.739877
14477	1.713541
14487	1.676431
14496	1.730300
14505	1.586648
14514	1.487289
14523	1.420251
14533	1.209561
14542	1.148509
14550	1.058727
14559	0.898315
14568	0.852825
14578	0.771422
14587	0.657698
14596	0.664880
14605	0.575098
14615	0.505666
14624	0.491301
14633	0.372788
14642	0.309342
14651	0.243501
14661	0.055556
14669	-0.015073
14678	-0.073731
14687	-0.293997
14696	-0.412510
14706	-0.517855
14715	-0.733333
14724	-0.882971
14733	-0.994301
14743	-1.158304
14752	-1.256466
14761	-1.312730
14770	-1.358220
14779	-1.329489
14789	-1.360614
14798	-1.303153
14806	-1.267240
14815	-1.307942
14824	-1.245692
14834	-1.244495
14843	-1.330687
14852	-1.310336
14861	-1.373782
14871	-1.482718
14880	-1.482718
14889	-1.577289
14898	-1.647918
14907	-1.570107
14917	-1.589260
14926	-1.532997
14935	-1.395330
14944	-1.361811
14954	-1.208582
14962	-1.009863
14971	-0.950008
14980	-0.835087
14989	-0.696223
14999	-0.655522